iter    objective    inf_pr   inf_du lg(mu)  ||d||  lg(rg) alpha_du alpha_pr  ls
   0  1.2018751e+07 2.50e+07 1.03e+01  -1.0 0.00e+00    -  0.00e+00 0.00e+00   0
   1  1.0116375e+07 2.20e+07 6.38e+01  -1.0 1.72e+04  -2.0 3.82e-01 2.88e-01f  1
   2  1.0072270e+07 2.19e+07 6.14e+01  -1.0 1.04e+04  -0.7 4.21e-01 7.38e-03f  1
   3  9.7665253e+06 2.08e+07 1.63e+04  -1.0 1.36e+04  -1.1 4.48e-01 5.10e-02f  1
   4  9.6584229e+06 2.04e+07 1.56e+04  -1.0 8.90e+03   0.2 4.69e-01 1.84e-02f  1
   5  9.0994735e+06 1.86e+07 1.57e+06  -1.0 8.34e+03  -0.3 5.07e-01 9.53e-02f  1
   6  8.2989850e+06 1.60e+07 1.32e+06  -1.0 5.70e+03  -0.8 6.17e-01 1.47e-01f  1
   7  7.3896041e+06 1.33e+07 1.04e+06  -1.0 8.10e+03  -1.3 6.71e-01 1.79e-01f  1
   8  7.2022283e+06 1.28e+07 9.98e+05  -1.0 4.21e+03  -0.8 6.72e-01 4.17e-02f  1
   9  6.2364076e+06 1.03e+07 6.60e+05  -1.0 7.99e+03  -1.3 6.89e-01 2.12e-01f  1
iter    objective    inf_pr   inf_du lg(mu)  ||d||  lg(rg) alpha_du alpha_pr  ls
  10  5.9915226e+06 9.62e+06 6.17e+05  -1.0 4.43e+03  -0.9 9.35e-01 6.46e-02f  1
  11  5.5945892e+06 8.69e+06 5.49e+05  -1.0 1.53e+04  -1.4 8.25e-01 1.01e-01f  1
  12  5.2389665e+06 7.82e+06 4.91e+05  -1.0 4.36e+03  -0.9 1.00e+00 1.04e-01f  1
  13  5.0970681e+06 7.50e+06 4.77e+05  -1.0 5.67e+03  -1.4 6.80e-01 4.24e-02f  1
  14  4.6131519e+06 6.43e+06 3.95e+05  -1.0 4.41e+03  -1.0 1.00e+00 1.56e-01f  1
  15  4.1719343e+06 5.56e+06 2.67e+05  -1.0 8.40e+03  -1.5 4.47e-01 1.44e-01f  1
  16  3.9657790e+06 5.16e+06 2.65e+05  -1.0 8.39e+03  -1.0 5.21e-01 7.48e-02f  1
  17  3.8481094e+06 4.94e+06 2.52e+05  -1.0 1.51e+04  -0.6 4.32e-01 4.26e-02f  1
  18  3.5195184e+06 4.61e+06 2.86e+05  -1.0 1.11e+04  -1.1 5.92e-01 1.07e-01f  1
  19  3.4815342e+06 4.55e+06 3.65e+05  -1.0 7.55e+03  -0.7 8.37e-01 1.39e-02f  1
iter    objective    inf_pr   inf_du lg(mu)  ||d||  lg(rg) alpha_du alpha_pr  ls
  20  3.3642364e+06 4.39e+06 5.76e+05  -1.0 6.77e+03  -1.1 8.62e-01 4.15e-02f  1
  21  3.2567230e+06 4.25e+06 6.72e+05  -1.0 8.74e+03  -0.7 3.30e-01 4.06e-02f  1
  22  3.2236870e+06 4.20e+06 1.85e+06  -1.0 1.01e+04  -1.2 8.92e-01 1.09e-02f  1
  23  2.6034405e+06 5.20e+06 5.73e+05  -1.0 8.35e+03  -0.8 3.35e-01 2.06e-01f  1
  24  2.3298824e+06 4.72e+06 3.84e+06  -1.0 8.60e+03  -0.3 7.59e-01 9.91e-02f  1
  25  2.3119833e+06 4.68e+06 1.19e+07  -1.0 1.02e+04   0.1 8.01e-01 7.68e-03f  1
  26  2.2828317e+06 4.62e+06 1.81e+07  -1.0 1.32e+04  -0.4 3.15e-01 1.29e-02f  1
  27  2.2215998e+06 4.50e+06 3.59e+07  -1.0 1.16e+04   0.0 5.51e-01 2.71e-02f  1
  28  2.1128611e+06 4.24e+06 3.83e+07  -1.0 1.98e+04  -0.4 2.00e-01 5.72e-02f  1
  29  2.1119528e+06 4.24e+06 5.42e+07  -1.0 2.16e+04  -0.0 4.82e-01 5.37e-04f  1
iter    objective    inf_pr   inf_du lg(mu)  ||d||  lg(rg) alpha_du alpha_pr  ls
  30  2.0017514e+06 3.87e+06 4.48e+07  -1.0 3.31e+04  -0.5 1.67e-01 8.96e-02f  1
  31  1.9987151e+06 3.86e+06 3.53e+07  -1.0 2.61e+04  -0.1 3.34e-01 2.67e-03f  1
  32  1.9825029e+06 3.80e+06 3.63e+07  -1.0 2.70e+04  -0.5 7.91e-03 1.67e-02f  1
  33  1.9819276e+06 3.80e+06 2.76e+07  -1.0 2.49e+04  -0.1 2.07e-01 5.28e-04f  1
  34  1.9816789e+06 3.79e+06 3.00e+07  -1.0 2.57e+04  -0.6 5.70e-02 2.26e-04f  1
  35  1.9567890e+06 3.71e+06 2.92e+07  -1.0 2.64e+04  -1.1 2.38e-02 2.31e-02f  1
  36  1.9294166e+06 3.63e+06 2.47e+07  -1.0 4.24e+04    -  9.39e-03 2.08e-02f  1
  37  1.9100723e+06 3.58e+06 2.30e+07  -1.0 2.20e+04  -1.5 7.58e-03 1.52e-02f  1
  38  1.8718440e+06 3.46e+06 1.50e+07  -1.0 2.70e+04  -2.0 7.46e-03 3.14e-02f  1
  39  1.8485635e+06 3.40e+06 2.16e+07  -1.0 2.00e+04  -2.5 7.48e-02 1.95e-02f  1
iter    objective    inf_pr   inf_du lg(mu)  ||d||  lg(rg) alpha_du alpha_pr  ls
  40  1.8472878e+06 3.39e+06 3.44e+07  -1.0 1.84e+04  -2.1 1.01e-01 1.09e-03f  1
  41  1.8248701e+06 3.33e+06 4.36e+07  -1.0 1.83e+04  -2.5 8.42e-02 1.92e-02f  1
  42  1.8074199e+06 3.28e+06 4.92e+07  -1.0 2.06e+04  -2.1 5.69e-02 1.47e-02f  1
  43  1.8014618e+06 3.26e+06 4.93e+07  -1.0 2.20e+04  -2.6 7.39e-03 4.84e-03f  1
  44  1.7976310e+06 3.25e+06 4.92e+07  -1.0 1.73e+04  -2.2 2.94e-03 3.19e-03f  1
  45  1.7919007e+06 3.24e+06 4.89e+07  -1.0 1.63e+04  -2.6 5.12e-03 4.70e-03f  1
  46  1.7853598e+06 3.22e+06 4.84e+07  -1.0 1.54e+04  -2.2 1.37e-02 5.43e-03f  1
  47  1.7852854e+06 3.22e+06 4.84e+07  -1.0 1.55e+04  -2.7 3.03e-04 5.79e-05f  1
  48  1.7852813e+06 3.22e+06 4.86e+07  -1.0 1.39e+04  -2.3 2.14e-02 3.57e-06f  1
  49  1.7834376e+06 3.22e+06 4.96e+07  -1.0 1.33e+04  -2.8 1.58e-02 1.48e-03f  1
iter    objective    inf_pr   inf_du lg(mu)  ||d||  lg(rg) alpha_du alpha_pr  ls
  50  1.7687074e+06 3.19e+06 4.62e+07  -1.0 3.28e+04  -2.3 1.79e-03 7.42e-03f  1
  51  1.7496345e+06 3.15e+06 4.67e+07  -1.0 1.85e+04  -1.9 1.74e-02 1.19e-02f  1
  52  1.7473131e+06 3.15e+06 4.44e+07  -1.0 2.17e+04  -2.4 4.18e-02 1.47e-03f  1
  53  1.7376208e+06 3.14e+06 3.99e+07  -1.0 8.39e+04  -1.9 1.47e-02 3.64e-03f  1
  54  1.7343066e+06 3.13e+06 4.06e+07  -1.0 2.75e+04  -2.4 4.72e-03 2.96e-03f  1
  55  1.7330295e+06 3.13e+06 4.22e+07  -1.0 1.07e+06  -2.0 1.97e-04 1.06e-04f  1
  56  1.7327535e+06 3.13e+06 6.34e+08  -1.0 2.68e+06  -2.5 1.21e-04 1.13e-05f  1
  57  1.7324892e+06 3.13e+06 2.35e+09  -1.0 2.30e+08  -3.0 2.63e-06 5.16e-07f  1
  58  1.7324274e+06 3.13e+06 6.88e+10  -1.0 9.46e+07    -  7.88e-06 3.23e-07f  1
  59  1.7323277e+06 3.13e+06 1.39e+12  -1.0 5.60e+09    -  1.39e-07 7.14e-09f  1
In iteration 59, 2 Slacks too small, adjusting variable bounds
iter    objective    inf_pr   inf_du lg(mu)  ||d||  lg(rg) alpha_du alpha_pr  ls
  60  1.7321657e+06 3.13e+06 3.61e+13  -1.0 3.18e+08    -  1.88e-06 6.10e-08f  1
In iteration 60, 2 Slacks too small, adjusting variable bounds
  61  1.7321054e+06 3.13e+06 4.11e+15  -1.0 9.99e+06    -  9.33e-05 8.39e-07f  1
In iteration 61, 1 Slack too small, adjusting variable bound
  62  1.7316710e+06 3.13e+06 6.37e+17  -1.0 9.44e+04    -  3.55e-02 1.54e-04f  1
  63r 1.7316710e+06 3.13e+06 1.00e+03   4.5 0.00e+00  12.9 0.00e+00 4.15e-07R  6
  64r 1.7316545e+06 3.13e+06 1.32e+07   4.5 1.62e+07    -  1.62e-03 2.71e-07f  8
  65r 1.6047749e+06 1.45e+06 1.67e+07   3.8 1.18e+07    -  1.02e-02 2.63e-03f  1
  66  1.6047042e+06 1.45e+06 1.15e+02  -1.0 5.85e+03    -  7.57e-03 6.51e-05f  1
  67  1.6045967e+06 1.45e+06 4.11e+02  -1.0 5.45e+03    -  3.37e-04 9.45e-05f  1
  68  1.6047242e+06 1.45e+06 1.09e+02  -1.0 2.56e+05    -  2.69e-07 3.37e-05h  1
  69  1.6061939e+06 1.45e+06 1.49e+02  -1.0 3.96e+05    -  2.32e-05 2.24e-04h  4
iter    objective    inf_pr   inf_du lg(mu)  ||d||  lg(rg) alpha_du alpha_pr  ls
  70  1.6069644e+06 1.45e+06 1.16e+02  -1.0 4.91e+05    -  1.07e-04 9.56e-05h  2
  71  1.6079215e+06 1.45e+06 5.26e+02  -1.0 5.73e+05    -  2.54e-04 1.01e-04h  2
  72  1.6086905e+06 1.45e+06 3.31e+03  -1.0 7.18e+05    -  4.39e-04 6.40e-05h  3
  73  1.6090465e+06 1.45e+06 6.09e+03  -1.0 8.89e+05    -  2.29e-04 2.37e-05h  5
  74r 1.6090465e+06 1.45e+06 1.00e+03   4.2 0.00e+00    -  0.00e+00 4.17e-07R 11
  75r 1.6060614e+06 1.44e+06 1.92e+06   4.2 3.24e+06    -  1.18e-02 6.74e-05f  1
  76r 1.4398784e+06 1.10e+06 1.00e+07   3.5 1.47e+06    -  2.71e-02 7.26e-03f  1
  77  1.4397700e+06 1.10e+06 3.86e+01  -1.0 5.54e+03    -  1.73e-03 1.01e-04f  1
  78  1.4396793e+06 1.10e+06 3.41e+02  -1.0 4.10e+04    -  3.31e-03 1.72e-04f  1
  79  1.4403526e+06 1.10e+06 3.41e+02  -1.0 1.66e+05    -  5.44e-04 5.45e-04h  2
iter    objective    inf_pr   inf_du lg(mu)  ||d||  lg(rg) alpha_du alpha_pr  ls
  80  1.4408302e+06 1.10e+06 9.57e+02  -1.0 1.91e+05    -  1.76e-03 3.15e-04h  3
  81  1.4413129e+06 1.10e+06 1.10e+03  -1.0 2.07e+05    -  5.51e-04 2.88e-04h  4
  82  1.4418100e+06 1.10e+06 2.44e+03  -1.0 2.17e+05    -  2.21e-03 2.84e-04h  4
  83  1.4421320e+06 1.10e+06 3.01e+03  -1.0 2.27e+05    -  7.04e-04 1.78e-04h  5
  84  1.4424540e+06 1.10e+06 6.53e+03  -1.0 2.32e+05    -  2.77e-03 1.77e-04h  5
  85  1.4428018e+06 1.10e+06 8.09e+03  -1.0 2.36e+05    -  8.28e-04 1.91e-04h  5
  86  1.4431200e+06 1.10e+06 1.89e+04  -1.0 2.40e+05    -  3.46e-03 1.76e-04h  5
  87  1.4434099e+06 1.10e+06 2.49e+04  -1.0 2.42e+05    -  9.72e-04 1.64e-04h  5
  88  1.4436734e+06 1.10e+06 6.60e+04  -1.0 2.42e+05    -  4.06e-03 1.54e-04h  5
  89  1.4474930e+06 1.09e+06 3.81e+04  -1.0 2.41e+05    -  1.33e-03 2.31e-03w  1
iter    objective    inf_pr   inf_du lg(mu)  ||d||  lg(rg) alpha_du alpha_pr  ls
  90  1.4475148e+06 1.09e+06 3.09e+04  -1.0 1.51e+05    -  3.18e-05 3.69e-05w  1
  91  1.4475352e+06 1.09e+06 2.21e+05  -1.0 1.73e+06    -  2.78e-06 9.16e-07w  1
  92  1.4441508e+06 1.10e+06 9.55e+04  -1.0 1.25e+07    -  1.33e-03 2.89e-04h  3
  93  1.4445396e+06 1.09e+06 1.12e+05  -1.0 2.37e+05    -  6.15e-04 2.58e-04h  4
  94  1.4448535e+06 1.09e+06 1.09e+06  -1.0 2.30e+05    -  1.55e-02 2.33e-04h  4
  95  1.4450489e+06 1.09e+06 1.05e+06  -1.0 2.22e+05    -  9.66e-05 1.66e-04h  2
  96  1.4452367e+06 1.09e+06 1.07e+06  -1.0 2.15e+05    -  2.34e-04 1.98e-04h  4
  97  1.4454909e+06 1.09e+06 1.11e+06  -1.0 2.06e+05    -  4.21e-04 3.61e-04h  3
  98  1.4456257e+06 1.09e+06 1.78e+06  -1.0 1.88e+05    -  9.44e-04 2.98e-04h  3
  99  1.4457450e+06 1.09e+06 1.64e+06  -1.0 1.73e+05    -  4.19e-04 4.87e-04h  2
iter    objective    inf_pr   inf_du lg(mu)  ||d||  lg(rg) alpha_du alpha_pr  ls
 100  1.4456993e+06 1.09e+06 5.48e+07  -1.0 1.49e+05    -  1.35e-02 5.70e-04f  1
 101r 1.4456993e+06 1.09e+06 1.00e+03   4.1 0.00e+00    -  0.00e+00 2.52e-07R  4
 102r 1.3926671e+06 1.08e+06 5.90e+07   4.1 1.02e+06    -  9.88e-02 3.04e-03f  1
 103r 1.2137314e+06 7.66e+05 6.24e+07   3.4 1.56e+05    -  8.70e-02 2.31e-02f  1
 104  1.2132396e+06 7.65e+05 5.26e+01  -1.0 6.93e+03    -  1.23e-02 5.03e-04f  1
 105  1.2127394e+06 7.65e+05 3.11e+02  -1.0 8.61e+03    -  6.32e-03 5.07e-04f  1
 106  1.2124945e+06 7.65e+05 9.30e+03  -1.0 1.36e+04    -  6.53e-03 2.36e-04f  1
 107  1.2124678e+06 7.65e+05 4.50e+05  -1.0 3.66e+04    -  1.06e-03 2.25e-05f  1
 108r 1.2124678e+06 7.65e+05 1.00e+03   4.0 0.00e+00    -  0.00e+00 1.65e-07R  2
 109r 1.1293020e+06 6.82e+05 6.61e+07   4.0 1.21e+05    -  1.55e-01 9.37e-03f  1
iter    objective    inf_pr   inf_du lg(mu)  ||d||  lg(rg) alpha_du alpha_pr  ls
 110r 9.2509991e+05 3.94e+05 7.72e+07   3.3 1.06e+05    -  5.17e-03 4.04e-02f  1
 111  9.2398392e+05 3.94e+05 4.34e+01  -1.0 5.83e+03    -  1.94e-02 1.40e-03f  1
 112  9.2306366e+05 3.93e+05 4.26e+01  -1.0 9.92e+03    -  7.38e-04 1.16e-03f  1
 113  9.2240089e+05 3.93e+05 4.47e+01  -1.0 2.03e+04    -  1.02e-03 8.49e-04f  1
 114  9.2218734e+05 3.93e+05 4.52e+01  -1.0 2.62e+04    -  2.82e-04 2.96e-04f  1
 115  9.2214750e+05 3.93e+05 4.56e+01  -1.0 5.34e+04    -  5.24e-05 9.37e-05f  1
 116  9.2076805e+05 3.92e+05 2.04e+02  -1.0 4.02e+04    -  4.72e-04 2.50e-03f  1
 117  9.1861371e+05 3.90e+05 8.75e+02  -1.0 4.04e+04    -  2.94e-03 4.36e-03f  1
 118  9.1468766e+05 3.86e+05 7.31e+03  -1.0 4.06e+04    -  8.80e-03 1.05e-02f  1
 119  9.1495846e+05 3.85e+05 8.13e+03  -1.0 4.20e+04    -  8.43e-03 1.98e-03h  1
iter    objective    inf_pr   inf_du lg(mu)  ||d||  lg(rg) alpha_du alpha_pr  ls
 120  9.1646195e+05 3.82e+05 1.91e+04  -1.0 4.31e+04    -  6.98e-03 6.70e-03h  2
 121  9.1821720e+05 3.82e+05 2.12e+04  -1.0 5.39e+04    -  5.05e-03 1.68e-03h  3
 122  9.2044638e+05 3.81e+05 2.31e+04  -1.0 6.83e+04    -  7.32e-03 1.15e-03h  3
 123  9.2176739e+05 3.81e+05 2.35e+04  -1.0 1.07e+05    -  6.50e-03 3.20e-04h  4
 124  9.2257686e+05 3.81e+05 4.93e+04  -1.0 1.65e+05    -  4.16e-03 1.10e-04h  4
 125  9.2311390e+05 3.81e+05 8.65e+04  -1.0 2.48e+05    -  1.45e-03 4.46e-05h  4
 126r 9.2311390e+05 3.81e+05 1.00e+03   3.7 0.00e+00    -  0.00e+00 2.67e-07R 10
 127r 8.6481260e+05 3.52e+05 3.53e+06   3.7 9.42e+04    -  3.58e-02 1.02e-02f  1
 128  8.6436150e+05 3.52e+05 9.47e+01  -1.0 3.82e+03    -  4.98e-02 5.20e-04f  1
 129  8.6255257e+05 3.50e+05 8.42e+02  -1.0 4.50e+04    -  8.53e-03 4.00e-03f  1
iter    objective    inf_pr   inf_du lg(mu)  ||d||  lg(rg) alpha_du alpha_pr  ls
 130  8.6147510e+05 3.48e+05 4.92e+03  -1.0 6.27e+04    -  1.07e-02 6.01e-03f  1
 131  8.6177190e+05 3.48e+05 9.68e+03  -1.0 3.40e+05    -  1.14e-03 4.68e-05h  2
 132r 8.6177190e+05 3.48e+05 1.00e+03   3.7 0.00e+00    -  0.00e+00 2.56e-07R  8
 133r 8.0732854e+05 3.15e+05 1.60e+07   3.7 6.30e+04    -  2.80e-01 1.23e-02f  1
 134  8.0631976e+05 3.15e+05 5.59e+01  -1.0 6.79e+03    -  5.58e-02 9.89e-04f  1
 135  8.0401410e+05 3.14e+05 6.74e+02  -1.0 2.21e+04    -  2.24e-02 1.67e-03f  1
 136  7.9897093e+05 3.13e+05 4.10e+03  -1.0 7.27e+04    -  1.29e-02 2.12e-03f  1
 137  7.9996923e+05 3.13e+05 9.76e+03  -1.0 1.20e+05    -  3.36e-03 5.83e-04h  3
 138  8.0038208e+05 3.13e+05 4.15e+04  -1.0 2.65e+05    -  1.90e-03 8.26e-05h  4
 139r 8.0038208e+05 3.13e+05 1.00e+03   3.6 0.00e+00    -  0.00e+00 4.84e-07R 10
iter    objective    inf_pr   inf_du lg(mu)  ||d||  lg(rg) alpha_du alpha_pr  ls
 140r 7.0076032e+05 2.38e+05 6.55e+06   3.6 6.16e+04    -  2.12e-01 2.52e-02f  1
 141  6.9819977e+05 2.38e+05 3.86e+01  -1.0 5.27e+03    -  5.39e-02 2.90e-03f  1
 142  6.9705294e+05 2.37e+05 1.41e+02  -1.0 4.80e+03    -  1.58e-02 1.24e-03f  1
 143  6.9608083e+05 2.37e+05 3.92e+02  -1.0 1.60e+04    -  4.62e-03 7.95e-04f  1
 144  6.9320748e+05 2.37e+05 1.77e+03  -1.0 2.16e+04    -  9.96e-03 2.09e-03f  1
 145  6.9178663e+05 2.36e+05 1.15e+04  -1.0 3.42e+04    -  4.85e-03 8.81e-04f  1
 146  6.9120070e+05 2.36e+05 2.84e+05  -1.0 6.04e+04    -  5.72e-03 2.78e-04f  1
 147  6.9098671e+05 2.36e+05 3.10e+06  -1.0 8.10e+04    -  1.44e-03 1.37e-04f  1
 148  6.9091635e+05 2.36e+05 9.79e+07  -1.0 7.15e+04    -  1.10e-03 3.78e-05f  1
 149  6.9101155e+05 2.36e+05 9.79e+07  -1.0 3.46e+05    -  9.67e-06 9.67e-06s  6
iter    objective    inf_pr   inf_du lg(mu)  ||d||  lg(rg) alpha_du alpha_pr  ls
 150r 6.9101155e+05 2.36e+05 1.00e+03   3.4 0.00e+00    -  0.00e+00 0.00e+00R  1
 151r 6.8756738e+05 2.34e+05 1.95e+06   3.4 5.09e+04    -  1.93e-01 9.38e-04f  5
 152r 5.3456849e+05 1.15e+05 2.08e+06   3.4 4.30e+04    -  8.28e-03 4.94e-02f  1
 153  5.3316676e+05 1.14e+05 3.85e+01  -1.0 3.63e+03    -  3.51e-03 2.84e-03f  1
 154  5.3279426e+05 1.14e+05 3.85e+01  -1.0 3.50e+03    -  9.72e-03 7.67e-04f  1
 155  5.3153952e+05 1.14e+05 3.84e+01  -1.0 3.45e+03    -  2.34e-03 2.59e-03f  1
 156  5.2691070e+05 1.13e+05 3.81e+01  -1.0 3.50e+03    -  1.46e-04 8.94e-03f  1
 157  5.2339938e+05 1.12e+05 3.78e+01  -1.0 3.25e+03    -  5.72e-03 6.82e-03f  1
 158  5.1704901e+05 1.11e+05 3.73e+01  -1.0 3.24e+03    -  1.01e-02 1.23e-02f  1
 159  5.1674308e+05 1.11e+05 1.34e+02  -1.0 3.40e+03    -  1.67e-02 5.77e-04f  1
iter    objective    inf_pr   inf_du lg(mu)  ||d||  lg(rg) alpha_du alpha_pr  ls
 160  5.1652135e+05 1.11e+05 1.69e+03  -1.0 3.74e+03    -  4.61e-03 3.88e-04f  1
 161  5.1648825e+05 1.11e+05 1.87e+05  -1.0 4.83e+03    -  5.58e-03 5.44e-05f  1
 162r 5.1648825e+05 1.11e+05 1.00e+03   3.0 0.00e+00    -  0.00e+00 4.82e-07R  4
 163r 5.0023563e+05 1.06e+05 6.12e+04   3.0 5.54e+04    -  2.99e-02 4.64e-03f  1
 164r 4.3021008e+05 8.30e+04 1.41e+05   3.0 2.92e+04    -  1.87e-01 2.18e-02f  1
 165  4.2943477e+05 8.29e+04 3.86e+01  -1.0 3.09e+03    -  2.04e-02 1.92e-03f  1
 166  4.2903763e+05 8.28e+04 9.48e+01  -1.0 2.95e+03    -  9.92e-03 9.35e-04f  1
 167  4.2899263e+05 8.28e+04 2.42e+03  -1.0 3.15e+03    -  2.20e-03 9.21e-05f  1
 168  4.2890858e+05 8.27e+04 1.02e+02  -1.0 4.64e+04    -  5.60e-06 4.78e-04f  1
 169  4.2580154e+05 8.21e+04 6.16e+03  -1.0 1.03e+04    -  2.14e-03 7.39e-03f  1
iter    objective    inf_pr   inf_du lg(mu)  ||d||  lg(rg) alpha_du alpha_pr  ls
 170  4.2558075e+05 8.21e+04 7.03e+03  -1.0 2.42e+03    -  4.32e-03 4.59e-04f  1
 171  4.2296624e+05 8.17e+04 7.57e+03  -1.0 3.53e+03    -  7.72e-03 5.08e-03f  1
 172r 4.2296624e+05 8.17e+04 1.00e+03   2.9 0.00e+00  12.4 0.00e+00 8.52e-10R  2
 173r 4.0431057e+05 7.54e+04 1.61e+04   2.9 2.96e+04    -  3.74e-02 6.51e-03f  1
 174r 3.4151451e+05 5.57e+04 1.96e+04   2.2 2.70e+04    -  4.72e-02 2.43e-02f  1
 175  3.3754758e+05 5.51e+04 7.15e+02  -1.0 2.46e+03    -  1.00e-02 1.07e-02f  1
 176  3.3748043e+05 5.51e+04 7.53e+02  -1.0 5.62e+03    -  1.36e-03 1.54e-04f  1
 177  3.3737649e+05 5.51e+04 8.24e+02  -1.0 2.85e+04    -  7.37e-04 2.98e-04f  1
 178  3.3728586e+05 5.51e+04 1.26e+03  -1.0 1.20e+04    -  6.06e-04 1.82e-04f  1
 179  3.3707571e+05 5.50e+04 1.51e+04  -1.0 4.56e+03    -  3.29e-03 3.45e-04f  1
iter    objective    inf_pr   inf_du lg(mu)  ||d||  lg(rg) alpha_du alpha_pr  ls
 180  3.3677953e+05 5.50e+04 4.06e+04  -1.0 5.53e+03    -  1.09e-03 4.05e-04f  1
 181  3.3669988e+05 5.50e+04 1.68e+05  -1.0 8.47e+03    -  4.94e-04 1.55e-04f  1
 182r 3.3669988e+05 5.50e+04 1.00e+03   2.7 0.00e+00    -  0.00e+00 3.91e-07R  6
 183r 3.1770824e+05 4.99e+04 5.63e+04   2.7 2.65e+04    -  3.94e-01 8.07e-03f  1
 184r 2.3556039e+05 2.80e+04 1.24e+07   2.7 2.14e+04    -  5.97e-02 5.10e-02f  1
 185  2.3480481e+05 2.79e+04 3.85e+01  -1.0 2.11e+03    -  3.35e-02 3.57e-03f  1
 186  2.3420705e+05 2.78e+04 3.84e+01  -1.0 1.98e+03    -  4.20e-03 2.35e-03f  1
 187  2.3406494e+05 2.78e+04 1.49e+02  -1.0 2.00e+03    -  5.54e-03 5.22e-04f  1
 188  2.3402739e+05 2.78e+04 1.92e+03  -1.0 4.43e+03    -  1.08e-03 9.17e-05f  1
 189  2.3394975e+05 2.78e+04 1.27e+04  -1.0 9.63e+03    -  8.37e-04 1.35e-04f  1
iter    objective    inf_pr   inf_du lg(mu)  ||d||  lg(rg) alpha_du alpha_pr  ls
 190  2.3392307e+05 2.78e+04 3.21e+05  -1.0 8.12e+03    -  1.33e-03 5.81e-05f  1
 191r 2.3392307e+05 2.78e+04 1.00e+03   2.5 0.00e+00    -  0.00e+00 2.81e-07R  5
 192r 2.3063297e+05 2.70e+04 1.69e+05   2.5 1.00e+05    -  5.11e-02 1.91e-03f  1
 193r 1.7461476e+05 1.88e+04 1.97e+05   2.5 1.89e+04    -  7.94e-02 3.47e-02f  1
 194  1.7434435e+05 1.87e+04 3.86e+01  -1.0 1.68e+03    -  3.09e-02 1.94e-03f  1
 195  1.7413151e+05 1.87e+04 3.85e+01  -1.0 1.60e+03    -  8.00e-04 1.23e-03f  1
 196  1.7411819e+05 1.87e+04 5.12e+02  -1.0 1.68e+03    -  1.78e-03 7.07e-05f  1
 197  1.7411229e+05 1.87e+04 3.13e+04  -1.0 4.01e+03    -  1.11e-03 1.91e-05f  1
 198r 1.7411229e+05 1.87e+04 1.00e+03   2.4 0.00e+00    -  0.00e+00 3.85e-07R  7
 199r 1.7114521e+05 1.81e+04 1.49e+05   2.4 4.59e+04    -  1.18e-01 2.40e-03f  1
iter    objective    inf_pr   inf_du lg(mu)  ||d||  lg(rg) alpha_du alpha_pr  ls
 200r 1.0983404e+05 9.34e+03 1.18e+06   2.4 1.40e+04    -  5.40e-02 5.75e-02f  1
 201  1.0951638e+05 9.31e+03 3.85e+01  -1.0 1.30e+03    -  3.39e-02 3.68e-03f  1
 202  1.0930454e+05 9.29e+03 3.84e+01  -1.0 1.24e+03    -  1.37e-03 2.14e-03f  1
 203  1.0924195e+05 9.28e+03 7.37e+01  -1.0 1.27e+03    -  5.18e-03 5.92e-04f  1
 204  1.0920038e+05 9.28e+03 2.18e+02  -1.0 1.99e+03    -  7.41e-04 2.77e-04f  1
 205  1.0914940e+05 9.28e+03 1.43e+03  -1.0 3.80e+03    -  1.21e-03 2.51e-04f  1
 206  1.0907243e+05 9.27e+03 5.72e+03  -1.0 4.04e+03    -  1.37e-03 3.80e-04f  1
 207  1.0905041e+05 9.27e+03 3.07e+05  -1.0 3.03e+03    -  5.59e-03 1.18e-04f  1
 208r 1.0905041e+05 9.27e+03 1.00e+03   2.1 0.00e+00    -  0.00e+00 3.57e-07R  8
 209r 1.0790383e+05 9.11e+03 9.75e+04   2.1 5.40e+04    -  6.83e-02 1.59e-03f  1
iter    objective    inf_pr   inf_du lg(mu)  ||d||  lg(rg) alpha_du alpha_pr  ls
 210r 9.0710209e+04 7.19e+03 9.78e+04   2.1 1.02e+04    -  2.35e-02 2.65e-02f  1
 211  9.0623981e+04 7.18e+03 3.86e+01  -1.0 1.09e+03    -  3.78e-02 1.36e-03f  1
 212  9.0563669e+04 7.17e+03 3.86e+01  -1.0 1.05e+03    -  4.78e-04 7.93e-04f  1
 213  9.0558209e+04 7.17e+03 3.22e+03  -1.0 1.11e+03    -  5.04e-03 5.83e-05f  1
 214  9.0550756e+04 7.17e+03 2.54e+04  -1.0 2.59e+03    -  4.70e-04 6.01e-05f  1
 215r 9.0550756e+04 7.17e+03 1.00e+03   1.9 0.00e+00    -  0.00e+00 3.33e-07R  7
 216r 8.9347418e+04 7.02e+03 1.32e+04   1.9 2.43e+04    -  4.61e-02 1.91e-03f  1
 217r 7.0158015e+04 4.85e+03 4.82e+03   1.9 9.75e+03    -  1.20e-01 3.39e-02f  1
 218  7.0066529e+04 4.84e+03 3.86e+01  -1.0 9.16e+02    -  3.63e-02 2.07e-03f  1
 219  6.9993949e+04 4.83e+03 3.85e+01  -1.0 8.94e+02    -  9.20e-04 1.41e-03f  1
iter    objective    inf_pr   inf_du lg(mu)  ||d||  lg(rg) alpha_du alpha_pr  ls
 220  6.9989297e+04 4.83e+03 1.02e+03  -1.0 1.01e+03    -  3.20e-03 7.74e-05f  1
 221  6.9972166e+04 4.83e+03 5.04e+03  -1.0 1.48e+03    -  1.02e-03 2.11e-04f  1
 222  6.9963497e+04 4.83e+03 1.84e+05  -1.0 1.39e+03    -  3.09e-03 1.03e-04f  1
 223r 6.9963497e+04 4.83e+03 1.00e+03   1.7 0.00e+00    -  0.00e+00 2.81e-07R  7
 224r 6.9084449e+04 4.73e+03 2.70e+03   1.7 1.47e+04    -  8.70e-02 1.85e-03f  1
 225r 6.1178627e+04 3.85e+03 1.01e+03   1.7 8.07e+03    -  3.88e-02 2.01e-02f  1
 226  6.1140471e+04 3.85e+03 3.86e+01  -1.0 8.13e+02    -  3.56e-02 1.03e-03f  1
 227  6.1115709e+04 3.84e+03 3.86e+01  -1.0 8.00e+02    -  4.47e-04 6.18e-04f  1
 228  6.1113511e+04 3.84e+03 7.25e+03  -1.0 8.29e+02    -  5.91e-03 4.56e-05f  1
 229  6.1112513e+04 3.84e+03 3.04e+05  -1.0 1.45e+03    -  1.51e-03 1.83e-05f  2
iter    objective    inf_pr   inf_du lg(mu)  ||d||  lg(rg) alpha_du alpha_pr  ls
 230r 6.1112513e+04 3.84e+03 1.00e+03   1.6 0.00e+00    -  0.00e+00 4.54e-07R  7
 231r 6.0242854e+04 3.76e+03 1.03e+03   1.6 7.87e+03    -  1.23e-01 2.24e-03f  1
 232r 5.3102996e+04 2.99e+03 1.00e+03   1.6 6.24e+03    -  2.08e-02 2.47e-02f  1
 233  5.3058481e+04 2.99e+03 3.86e+01  -1.0 7.25e+02    -  3.73e-02 1.42e-03f  1
 234  5.3025263e+04 2.98e+03 8.64e+01  -1.0 7.16e+02    -  3.04e-03 9.14e-04f  1
 235  5.3021874e+04 2.98e+03 7.01e+03  -1.0 7.51e+02    -  5.55e-03 8.67e-05f  1
 236  5.3020470e+04 2.98e+03 2.78e+05  -1.0 9.15e+02    -  2.27e-03 2.93e-05f  2
 237r 5.3020470e+04 2.98e+03 1.00e+03   1.5 0.00e+00    -  0.00e+00 4.39e-07R  7
 238r 5.2383244e+04 2.93e+03 1.00e+03   1.5 6.10e+03    -  8.03e-04 2.18e-03f  1
 239r 5.2025714e+04 2.89e+03 1.00e+03   1.5 5.05e+03    -  4.00e-02 1.41e-03f  1
iter    objective    inf_pr   inf_du lg(mu)  ||d||  lg(rg) alpha_du alpha_pr  ls
 240r 4.9899786e+04 2.67e+03 9.90e+02   1.5 3.37e+03    -  2.90e-02 1.16e-02f  1
 241  4.9873232e+04 2.67e+03 4.26e+01  -1.0 6.93e+02    -  3.50e-02 9.40e-04f  1
 242  4.9853387e+04 2.66e+03 4.96e+01  -1.0 6.88e+02    -  7.35e-04 6.25e-04f  1
 243  4.9851654e+04 2.66e+03 1.78e+04  -1.0 7.23e+02    -  9.77e-03 4.87e-05f  1
 244  4.9847336e+04 2.66e+03 4.39e+04  -1.0 8.28e+02    -  1.54e-04 6.23e-05f  1
 245  4.9841889e+04 2.66e+03 3.44e+04  -1.0 3.01e+04    -  4.21e-06 4.99e-06f  1
 246  4.9836292e+04 2.66e+03 1.33e+05  -1.0 1.34e+05    -  3.59e-06 1.69e-06f  1
 247  4.9816863e+04 2.66e+03 8.94e+03  -1.0 1.63e+05    -  2.03e-06 4.92e-06f  1
 248  4.9795936e+04 2.66e+03 7.34e+04  -1.0 1.76e+05    -  3.79e-06 5.64e-06f  1
 249  4.9770610e+04 2.66e+03 1.28e+05  -1.0 1.77e+05    -  5.96e-06 8.07e-06f  1
iter    objective    inf_pr   inf_du lg(mu)  ||d||  lg(rg) alpha_du alpha_pr  ls
 250  4.9740237e+04 2.66e+03 1.79e+05  -1.0 1.84e+05    -  7.78e-06 9.99e-06f  1
 251  4.9722050e+04 2.66e+03 9.47e+04  -1.0 1.98e+05    -  1.02e-05 6.34e-06f  1
 252  4.9710742e+04 2.66e+03 2.25e+05  -1.0 1.99e+05    -  2.83e-06 1.19e-05f  1
 253r 4.9710742e+04 2.66e+03 1.00e+03   1.4 0.00e+00    -  0.00e+00 1.68e-08R  2
 254r 4.9508481e+04 2.64e+03 9.99e+02   1.4 4.81e+03    -  1.38e-03 8.87e-04f  1
 255r 4.9435863e+04 2.64e+03 1.06e+04   1.4 9.86e+00   2.0 8.11e-01 2.33e-02f  1
 256r 4.8925419e+04 2.58e+03 1.13e+04   1.4 2.64e+03    -  1.55e-02 4.13e-03f  1
 257r 4.6482707e+04 2.35e+03 2.50e+04   1.4 2.49e+03    -  2.66e-04 2.00e-02f  1
 258  4.6473151e+04 2.35e+03 2.91e+02  -1.0 6.67e+02    -  3.17e-02 3.59e-04f  1
 259  4.6402353e+04 2.34e+03 4.51e+03  -1.0 6.63e+02    -  1.48e-02 2.54e-03f  1
iter    objective    inf_pr   inf_du lg(mu)  ||d||  lg(rg) alpha_du alpha_pr  ls
 260  4.6398547e+04 2.34e+03 3.17e+03  -1.0 5.95e+02    -  2.07e-03 1.34e-04f  1
 261  4.6330109e+04 2.34e+03 3.61e+03  -1.0 6.74e+02    -  2.61e-03 2.18e-03f  1
 262  4.6150388e+04 2.32e+03 1.20e+03  -1.0 6.73e+02    -  3.98e-03 5.62e-03f  1
 263  4.6124762e+04 2.32e+03 4.38e+03  -1.0 7.09e+02    -  2.94e-03 7.83e-04f  1
 264  4.6079497e+04 2.32e+03 4.89e+03  -1.0 7.88e+02    -  1.97e-03 1.28e-03f  1
 265  4.6059404e+04 2.32e+03 4.85e+03  -1.0 7.78e+02    -  9.79e-04 5.47e-04f  1
 266  4.6058841e+04 2.32e+03 4.82e+03  -1.0 7.69e+02    -  1.14e-05 2.14e-05f  1
 267  4.6058841e+04 2.32e+03 5.85e+04  -1.0 1.24e+02  11.9 1.67e-09 5.56e-10f  3
 268r 4.6058841e+04 2.32e+03 1.00e+03   1.4 0.00e+00  11.5 0.00e+00 8.38e-10R  2
 269r 4.6073001e+04 2.32e+03 4.70e+04   1.4 3.42e+03    -  3.16e-03 1.99e-04f  5
iter    objective    inf_pr   inf_du lg(mu)  ||d||  lg(rg) alpha_du alpha_pr  ls
 270r 4.5244555e+04 2.27e+03 5.87e+04   1.4 2.06e+03    -  1.37e-02 5.81e-03f  1
 271r 4.4091657e+04 2.20e+03 5.71e+04   1.4 1.62e+03    -  8.37e-03 9.43e-03f  1
 272r 4.3058829e+04 2.11e+03 5.52e+04   1.4 1.25e+03    -  9.61e-03 1.08e-02f  1
 273r 4.2736428e+04 2.06e+03 6.71e+04   1.4 1.80e+03    -  1.13e-02 4.73e-03f  1
 274  4.2728320e+04 2.06e+03 6.30e+02  -1.0 5.02e+02    -  4.19e-02 3.10e-04f  1
 275  4.2689620e+04 2.06e+03 1.57e+03  -1.0 6.00e+02    -  4.93e-03 1.55e-03f  1
 276  4.2683658e+04 2.05e+03 8.98e+03  -1.0 6.42e+02    -  1.28e-02 2.53e-04f  1
 277  4.2648768e+04 2.05e+03 8.13e+03  -1.0 7.52e+02    -  1.06e-03 1.61e-03f  1
 278  4.2515467e+04 2.04e+03 1.62e+04  -1.0 7.50e+02    -  1.15e-02 6.01e-03f  1
 279  4.2515348e+04 2.04e+03 1.37e+08  -1.0 1.35e+02  11.0 9.21e-05 1.06e-05h  1
iter    objective    inf_pr   inf_du lg(mu)  ||d||  lg(rg) alpha_du alpha_pr  ls
 280r 4.2515348e+04 2.04e+03 1.00e+03   1.3 0.00e+00  10.5 0.00e+00 5.22e-08R  2
 281r 4.2485667e+04 2.03e+03 2.82e+04   1.3 2.58e+03    -  6.26e-03 3.75e-04f  1
 282r 4.1976356e+04 1.95e+03 4.92e+04   1.3 1.03e+03    -  1.42e-02 6.99e-03f  1
 283r 4.0545031e+04 1.64e+03 3.93e+04   1.3 8.05e+02    -  2.17e-02 2.51e-02f  1
 284  4.0529512e+04 1.64e+03 1.99e+02  -1.0 4.85e+02    -  1.21e-02 4.47e-04f  1
 285  4.0529231e+04 1.64e+03 1.27e+04  -1.0 9.78e+01    -  6.63e-03 2.56e-05f  2
 286  4.0528559e+04 1.63e+03 2.24e+04  -1.0 7.08e+02    -  3.78e-03 8.77e-04f  1
 287  4.0580230e+04 1.61e+03 2.97e+03  -1.0 1.19e+03    -  2.82e-03 1.49e-02h  1
 288  4.0629945e+04 1.60e+03 2.45e+03  -1.0 1.83e+03    -  8.00e-03 6.76e-03h  1
 289  4.0798013e+04 1.53e+03 3.96e+04  -1.0 1.36e+03    -  4.91e-03 3.17e-02h  1
iter    objective    inf_pr   inf_du lg(mu)  ||d||  lg(rg) alpha_du alpha_pr  ls
 290  4.1095373e+04 1.46e+03 1.26e+04  -1.0 1.13e+03    -  6.14e-02 4.11e-02h  1
 291  4.1912629e+04 1.30e+03 6.56e+04  -1.0 8.82e+02    -  4.12e-02 8.85e-02h  1
 292  4.3125821e+04 1.10e+03 1.25e+05  -1.0 5.86e+02    -  6.41e-02 1.25e-01h  1
 293  4.3125764e+04 1.10e+03 1.70e+08  -1.0 4.40e+01  10.0 1.78e-02 2.27e-05h  1
 294r 4.3125764e+04 1.10e+03 1.00e+03   1.0 0.00e+00   9.5 0.00e+00 3.28e-07R  3
 295r 4.3114062e+04 7.97e+02 1.90e+04   1.0 1.05e+04    -  5.09e-03 3.51e-03f  1
 296  4.3084347e+04 7.97e+02 7.33e+01  -1.0 1.85e+03    -  8.93e-03 1.65e-04f  1
 297  4.3074934e+04 7.97e+02 5.44e+02  -1.0 6.87e+02    -  9.03e-04 1.48e-04f  1
 298  4.3079114e+04 7.97e+02 3.03e+04  -1.0 5.03e+02    -  2.49e-02 5.95e-04h  1
 299  4.3343990e+04 7.68e+02 7.39e+04  -1.0 3.51e+02    -  7.32e-02 3.63e-02h  1
iter    objective    inf_pr   inf_du lg(mu)  ||d||  lg(rg) alpha_du alpha_pr  ls
 300  4.3643977e+04 7.30e+02 2.88e+04  -1.0 3.98e+02    -  1.00e-02 4.83e-02h  2
 301  4.3643931e+04 7.30e+02 4.08e+07  -1.0 3.03e+01   9.1 1.01e-02 2.57e-05h  1
 302r 4.3643931e+04 7.30e+02 1.00e+03   0.9 0.00e+00   8.6 0.00e+00 3.95e-07R  4
 303r 4.3867874e+04 7.17e+02 4.76e+04   0.9 1.76e+03    -  1.23e-02 2.11e-03f  1
 304r 4.4971835e+04 6.48e+02 6.63e+04   0.9 1.83e+03    -  1.83e-02 7.77e-03f  1
 305  4.4955369e+04 6.48e+02 6.90e+01  -1.0 1.92e+03    -  3.52e-03 8.37e-05f  1
 306  4.4950247e+04 6.48e+02 4.02e+02  -1.0 1.21e+03    -  5.46e-04 8.76e-05f  1
 307  4.4947777e+04 6.47e+02 3.26e+04  -1.0 7.10e+02    -  2.69e-02 6.24e-04f  1
 308  4.4941003e+04 6.36e+02 1.80e+04  -1.0 4.36e+02    -  5.04e-03 1.70e-02f  1
 309  4.4712265e+04 5.98e+02 3.21e+04  -1.0 7.02e+02    -  1.55e-02 5.71e-02f  1
iter    objective    inf_pr   inf_du lg(mu)  ||d||  lg(rg) alpha_du alpha_pr  ls
 310  4.4712233e+04 5.98e+02 2.55e+06  -1.0 3.15e+01   8.1 2.26e-03 3.91e-05h  1
 311r 4.4712233e+04 5.98e+02 1.00e+03   0.8 0.00e+00   7.6 0.00e+00 3.88e-07R  4
 312r 4.4817523e+04 5.78e+02 9.98e+02   0.8 1.63e+03    -  4.50e-04 1.01e-03f  1
 313r 4.4889764e+04 5.69e+02 4.48e+04   0.8 1.89e+03    -  1.53e-02 5.41e-04f  1
 314r 4.5277772e+04 5.28e+02 9.54e+04   0.8 1.89e+03    -  2.13e-02 2.54e-03f  1
 315  4.5269999e+04 5.28e+02 1.44e+02  -1.0 1.53e+03    -  3.18e-03 4.81e-05f  1
 316  4.5262594e+04 5.28e+02 2.77e+02  -1.0 1.29e+03    -  3.36e-04 1.76e-04f  1
 317  4.5166583e+04 5.27e+02 9.33e+04  -1.0 1.33e+03    -  8.95e-02 2.57e-03f  1
 318  4.5185187e+04 4.98e+02 2.84e+04  -1.0 4.77e+02    -  3.51e-03 5.36e-02h  1
 319  4.5185158e+04 4.98e+02 1.10e+06  -1.0 2.89e+01   7.2 5.84e-04 4.09e-05h  1
iter    objective    inf_pr   inf_du lg(mu)  ||d||  lg(rg) alpha_du alpha_pr  ls
 320  4.5185137e+04 4.98e+02 2.54e+07  -1.0 2.86e+01   6.7 8.96e-04 3.41e-05h  1
 321  4.5185060e+04 4.98e+02 8.05e+08  -1.0 2.76e+01   6.2 3.27e-02 1.39e-04h  1
 322  4.5185538e+04 4.98e+02 8.09e+08  -1.0 4.33e+01   5.7 8.32e-04 4.07e-04h  1
 323  4.5189961e+04 4.96e+02 8.74e+08  -1.0 4.38e+01   5.3 2.93e-02 3.62e-03h  1
 324  4.5190841e+04 4.96e+02 8.74e+08  -1.0 4.32e+01   4.8 5.22e-03 6.70e-04h  1
 325r 4.5190841e+04 4.96e+02 1.00e+03   0.7 0.00e+00   4.3 0.00e+00 2.54e-07R  6
 326r 4.5357561e+04 4.90e+02 5.31e+04   0.7 1.99e+03    -  1.62e-02 1.01e-03f  1
 327r 4.8505105e+04 3.64e+02 3.38e+04   0.7 2.12e+03    -  1.21e-02 1.71e-02f  1
 328  4.8495316e+04 3.64e+02 1.89e+02  -1.0 3.15e+03    -  3.29e-03 3.70e-05f  1
 329  4.8469959e+04 3.64e+02 2.36e+02  -1.0 2.09e+03    -  3.09e-04 2.42e-04f  1
iter    objective    inf_pr   inf_du lg(mu)  ||d||  lg(rg) alpha_du alpha_pr  ls
 330  4.8437164e+04 3.64e+02 4.76e+03  -1.0 2.55e+03    -  6.42e-03 2.58e-04f  1
 331  4.8432672e+04 3.63e+02 6.26e+03  -1.0 6.97e+02    -  1.57e-03 3.60e-04f  1
 332  4.8436259e+04 3.58e+02 4.72e+04  -1.0 7.50e+02    -  4.77e-02 1.61e-02h  1
 333  4.8458545e+04 3.47e+02 1.28e+04  -1.0 6.23e+02    -  2.45e-03 2.91e-02h  1
 334  4.8494223e+04 3.24e+02 1.55e+04  -1.0 6.62e+02    -  4.62e-02 6.67e-02h  1
 335  4.8480849e+04 3.13e+02 2.91e+04  -1.0 7.24e+02    -  1.99e-02 3.22e-02f  1
 336  4.8239251e+04 4.82e+02 1.01e+05  -1.0 7.03e+02    -  2.21e-02 8.58e-02f  1
 337  4.8304920e+04 4.50e+02 1.43e+05  -1.0 5.10e+02    -  2.95e-02 6.89e-02h  1
 338  4.8370706e+04 5.90e+02 3.77e+05  -1.0 6.72e+02    -  5.34e-02 2.81e-01H  1
 339  4.8409151e+04 5.68e+02 2.61e+05  -1.0 3.63e+02    -  1.43e-01 6.01e-02h  2
iter    objective    inf_pr   inf_du lg(mu)  ||d||  lg(rg) alpha_du alpha_pr  ls
 340  4.8409338e+04 5.68e+02 1.31e+05  -1.0 4.26e+02    -  1.29e-01 1.89e-04H  1
 341  4.8657079e+04 6.37e+02 9.91e+04  -1.0 3.57e+02    -  3.96e-01 4.10e-01H  1
 342  4.9684051e+04 3.07e+02 4.47e+05  -1.0 7.59e+01    -  2.17e-03 1.00e+00h  1
 343  4.9684377e+04 3.06e+02 6.59e+05  -1.0 4.48e+00   3.8 9.99e-05 2.10e-03f  3
 344  4.9684499e+04 3.06e+02 5.96e+05  -1.0 4.60e+00   3.3 2.06e-03 6.88e-04h  1
 345  4.9695557e+04 2.89e+02 5.48e+05  -1.0 4.67e+00   2.9 5.40e-02 5.29e-02h  1
 346  4.9720335e+04 2.56e+02 7.60e+05  -1.0 4.48e+00   2.4 5.75e-02 1.15e-01h  1
 347  4.9915527e+04 1.03e+01 1.93e+05  -1.0 4.15e+00   1.9 3.53e-01 1.00e+00h  1
 348  4.9449199e+04 7.57e+01 9.54e+04  -1.0 2.26e+02    -  3.11e-01 2.43e-01f  1
 349  4.9469757e+04 5.85e+01 5.40e+05  -1.0 3.89e+01    -  6.66e-02 1.00e+00h  1
iter    objective    inf_pr   inf_du lg(mu)  ||d||  lg(rg) alpha_du alpha_pr  ls
 350  4.9544030e+04 2.55e+01 1.38e+05  -1.0 1.69e+00   1.4 3.79e-01 5.64e-01h  1
 351  4.9398714e+04 3.63e+01 1.40e+05  -1.0 4.24e+03    -  1.11e-02 4.40e-03f  1
 352  4.7848065e+04 1.53e+03 1.91e+04  -1.0 5.88e+02    -  5.58e-01 4.37e-01F  1
 353  4.7781647e+04 1.42e+03 8.49e+04  -1.0 5.55e+01    -  2.79e-01 7.12e-02f  1
 354  4.7442469e+04 7.24e+02 4.94e+04  -1.0 4.79e+01    -  1.99e-01 4.60e-01f  1
 355  4.7442539e+04 7.23e+02 5.59e+04  -1.0 6.76e+01   1.9 9.05e-04 2.27e-04h  1
 356  4.7441307e+04 7.22e+02 5.00e+04  -1.0 1.77e+01    -  5.32e-02 1.59e-03f  1
 357  4.7441887e+04 7.22e+02 8.38e+05  -1.0 6.92e+01    -  5.19e-01 6.55e-04h  1
 358  4.7642417e+04 5.49e+02 4.91e+05  -1.0 7.03e+01    -  4.56e-03 2.15e-01h  1
 359  4.7650694e+04 4.93e+02 1.44e+06  -1.0 2.02e+01   2.3 3.21e-01 1.01e-01h  1
iter    objective    inf_pr   inf_du lg(mu)  ||d||  lg(rg) alpha_du alpha_pr  ls
 360  4.7716042e+04 3.94e+02 1.37e+05  -1.0 2.54e+01    -  6.80e-01 1.96e-01h  1
 361  4.7789057e+04 2.09e+01 3.73e+04  -1.0 1.39e+01   1.8 9.49e-01 1.00e+00h  1
 362  4.7788453e+04 4.53e-02 4.10e+04  -1.0 6.49e-01   1.3 9.71e-01 1.00e+00f  1
 363  4.7683211e+04 5.41e+00 9.90e+04  -1.0 4.22e+03    -  9.22e-01 9.40e-02f  1
 364  4.6960317e+04 3.52e+02 3.51e+04  -1.0 3.55e+04    -  1.00e+00 7.35e-01f  1
 365  4.6959771e+04 3.51e+02 5.87e+04  -1.0 6.84e+04    -  8.48e-01 1.57e-03f  1
 366  4.6875074e+04 4.20e+02 3.45e+04  -1.0 6.83e+04    -  7.84e-01 4.33e-01f  1
 367  4.6846244e+04 4.22e+02 1.70e+05  -1.0 3.88e+04    -  8.37e-01 5.26e-02f  1
 368  4.6853042e+04 3.96e+02 1.20e+04  -1.0 3.67e+04    -  1.00e+00 6.04e-02h  1
 369  4.6963843e+04 5.92e+00 2.65e+01  -1.0 3.45e+04    -  1.00e+00 1.00e+00h  1
iter    objective    inf_pr   inf_du lg(mu)  ||d||  lg(rg) alpha_du alpha_pr  ls
 370  4.6958173e+04 4.11e-03 1.26e+03  -1.7 9.48e-02    -  7.99e-01 1.00e+00f  1
 371  4.6957493e+04 2.02e-05 1.14e+01  -1.7 5.83e-02    -  1.00e+00 1.00e+00f  1
 372  4.6955820e+04 7.22e-05 2.33e+02  -2.5 5.59e-02    -  8.17e-01 1.00e+00f  1
 373  4.6955742e+04 1.42e-06 1.95e+01  -2.5 3.20e-02    -  1.00e+00 1.00e+00f  1
 374  4.6955460e+04 2.45e-06 2.95e+01  -3.8 3.35e-02    -  8.38e-01 9.91e-01f  1
 375  4.6955452e+04 8.20e-08 2.57e+01  -3.8 5.44e-03    -  1.00e+00 1.00e+00f  1
 376  4.6955451e+04 1.83e-08 2.53e+01  -3.8 3.47e-04    -  1.00e+00 1.00e+00f  1
 377  4.6955450e+04 2.64e-09 1.56e+01  -3.8 6.79e-05    -  1.00e+00 1.00e+00f  1
 378  4.6955435e+04 6.33e-09 6.00e+00  -5.7 2.70e-03    -  8.88e-01 9.21e-01f  1
 379  4.6955434e+04 1.61e-09 2.28e+01  -5.7 1.46e-04   0.9 9.97e-01 1.00e+00f  1
iter    objective    inf_pr   inf_du lg(mu)  ||d||  lg(rg) alpha_du alpha_pr  ls
 380  4.6955434e+04 1.73e-08 2.69e+01  -5.7 7.74e-03    -  1.00e+00 1.00e+00f  1
 381  4.6955434e+04 1.85e-09 3.47e-01  -5.7 4.05e-04    -  1.00e+00 1.00e+00h  1
 382  4.6955434e+04 3.46e-10 1.66e-02  -8.6 8.29e-04    -  9.74e-01 9.97e-01f  1
 383  4.6955433e+04 1.72e-10 2.14e+01  -8.6 1.72e-05   0.4 1.00e+00 1.00e+00f  1
 384  4.6955433e+04 4.05e-11 2.68e+01  -8.6 2.20e-04    -  1.00e+00 1.00e+00f  1
 385  4.6955433e+04 5.82e-11 3.86e-03  -8.6 3.90e-06    -  1.00e+00 1.00e+00h  1
 386  4.6955433e+04 2.91e-11 2.14e+01  -9.0 6.25e-06  -0.1 1.00e+00 1.00e+00f  1
 387  4.6955433e+04 5.09e-11 3.80e-03  -9.0 2.08e-06    -  1.00e+00 1.00e+00h  1
 388  4.6955433e+04 2.91e-11 2.14e+01  -9.0 4.16e-06  -0.6 1.00e+00 1.00e+00f  1
 389  4.6955433e+04 2.91e-11 3.75e-04  -9.0 1.39e-06    -  1.00e+00 1.00e+00h  1