iter    objective    inf_pr   inf_du lg(mu)  ||d||  lg(rg) alpha_du alpha_pr  ls
   0  7.5308471e+06 2.50e+07 1.44e+01  -1.0 0.00e+00    -  0.00e+00 0.00e+00   0
   1  7.4511110e+06 2.48e+07 9.18e+01  -1.0 1.04e+05    -  2.67e-02 1.22e-02f  1
   2  7.4242933e+06 2.46e+07 1.90e+03  -1.0 1.50e+05  -2.0 8.02e-03 6.38e-03f  1
   3  7.3505850e+06 2.42e+07 1.86e+03  -1.0 9.01e+04  -1.6 1.77e-02 1.87e-02f  1
   4  7.0556662e+06 2.51e+07 1.60e+04  -1.0 5.17e+04  -1.1 5.95e-02 7.67e-02f  1
   5  6.9003055e+06 2.42e+07 1.51e+04  -1.0 2.19e+04  -0.7 1.52e-01 4.18e-02f  1
   6  6.7333248e+06 2.33e+07 1.41e+04  -1.0 1.80e+04  -0.3 1.98e-01 4.62e-02f  1
   7  6.1802939e+06 2.11e+07 1.08e+04  -1.0 1.42e+04  -0.8 2.36e-01 1.53e-01f  1
   8  6.0113983e+06 2.01e+07 1.01e+04  -1.0 7.40e+03  -0.3 5.93e-01 5.14e-02f  1
   9  5.4107656e+06 1.71e+07 1.06e+04  -1.0 1.20e+04  -0.8 4.12e-01 1.78e-01f  1
iter    objective    inf_pr   inf_du lg(mu)  ||d||  lg(rg) alpha_du alpha_pr  ls
  10  4.8183161e+06 1.41e+07 7.38e+03  -1.0 3.51e+03  -0.4 8.44e-01 2.05e-01f  1
  11  4.0497361e+06 1.05e+07 5.90e+03  -1.0 2.64e+03  -0.9 8.77e-01 3.02e-01f  1
  12  3.9817329e+06 1.01e+07 5.70e+03  -1.0 3.12e+03  -0.4 6.37e-01 3.38e-02f  1
  13  3.7394649e+06 8.93e+06 4.94e+03  -1.0 3.49e+03  -0.9 2.65e-01 1.23e-01f  1
  14  3.6578018e+06 8.53e+06 4.70e+03  -1.0 3.29e+03  -0.5 3.65e-01 4.49e-02f  1
  15  3.4653544e+06 7.63e+06 4.11e+03  -1.0 3.68e+03  -1.0 6.72e-01 1.09e-01f  1
  16  3.4520212e+06 7.57e+06 4.08e+03  -1.0 3.34e+03  -0.6 7.27e-01 8.06e-03f  1
  17  3.1611045e+06 6.28e+06 3.11e+03  -1.0 3.67e+03  -1.0 2.46e-01 1.77e-01f  1
  18  3.1523434e+06 6.25e+06 3.09e+03  -1.0 7.45e+03  -1.5 2.33e-01 6.00e-03f  1
  19  3.0659329e+06 5.89e+06 6.09e+03  -1.0 3.63e+03  -1.1 4.73e-01 5.72e-02f  1
iter    objective    inf_pr   inf_du lg(mu)  ||d||  lg(rg) alpha_du alpha_pr  ls
  20  3.0014292e+06 6.78e+06 7.06e+03  -1.0 5.96e+04  -1.6 4.73e-02 2.28e-02f  1
  21  2.9991670e+06 6.78e+06 5.15e+04  -1.0 5.07e+04  -1.1 1.81e-01 9.49e-04f  1
  22  2.9915431e+06 6.76e+06 5.18e+04  -1.0 7.81e+04  -1.6 6.32e-03 2.38e-03f  1
  23  2.9835718e+06 6.74e+06 5.52e+04  -1.0 5.31e+04  -1.2 9.07e-03 2.99e-03f  1
  24  2.7752079e+06 1.05e+07 5.16e+04  -1.0 9.13e+04  -1.7 1.51e-02 5.44e-02f  1
  25  2.7488880e+06 1.04e+07 8.87e+04  -1.0 1.09e+05  -1.2 1.02e-01 8.25e-03f  1
  26  2.7300977e+06 1.03e+07 5.65e+04  -1.0 1.48e+05  -0.8 1.15e-04 7.06e-03f  1
  27  2.7295308e+06 1.03e+07 4.34e+04  -1.0 1.99e+04   1.4 3.28e-07 3.54e-04f  1
  28  2.7291644e+06 1.03e+07 1.08e+05  -1.0 1.73e+05   0.9 3.97e-05 1.11e-04f  1
  29  2.7289858e+06 1.03e+07 5.09e+05  -1.0 1.93e+05   1.4 2.78e-04 5.00e-05f  1
iter    objective    inf_pr   inf_du lg(mu)  ||d||  lg(rg) alpha_du alpha_pr  ls
  30  2.7270064e+06 1.03e+07 1.30e+06  -1.0 2.10e+05   0.9 1.28e-03 5.37e-04f  1
  31  2.7244282e+06 1.03e+07 4.34e+05  -1.0 2.56e+05   1.3 3.43e-04 5.61e-04f  1
  32  2.7127427e+06 1.03e+07 1.36e+06  -1.0 2.86e+05   0.8 7.98e-04 1.59e-03f  1
  33  2.6173218e+06 1.05e+07 4.93e+06  -1.0 4.53e+05   0.4 4.63e-05 9.11e-03f  1
  34  2.6147383e+06 1.05e+07 4.54e+07  -1.0 1.34e+05   1.7 7.69e-03 3.00e-04f  1
  35  2.5352441e+06 1.11e+07 4.01e+07  -1.0 1.44e+05   1.2 6.67e-03 9.75e-03f  1
  36  2.5296202e+06 1.13e+07 3.77e+07  -1.0 1.31e+05   1.6 1.06e-04 5.00e-03f  1
  37  2.5290930e+06 1.13e+07 8.10e+07  -1.0 8.84e+04   2.1 1.46e-02 3.12e-04f  1
  38  2.5290922e+06 1.13e+07 8.22e+07  -1.0 1.08e+05   1.6 8.14e-03 1.63e-06h  1
  39  2.5200828e+06 1.13e+07 1.20e+08  -1.0 8.72e+04   2.0 2.11e-02 5.47e-03f  1
iter    objective    inf_pr   inf_du lg(mu)  ||d||  lg(rg) alpha_du alpha_pr  ls
  40  2.5206588e+06 1.15e+07 1.20e+08  -1.0 1.11e+05   1.5 2.53e-03 6.91e-03h  1
  41  2.5205042e+06 1.15e+07 3.03e+08  -1.0 8.36e+04   2.9 1.22e-02 1.01e-04f  1
  42  2.5205028e+06 1.15e+07 3.06e+08  -1.0 8.50e+04   2.4 6.05e-04 9.70e-07f  1
  43  2.5205027e+06 1.15e+07 3.18e+08  -1.0 7.81e+04   2.8 4.81e-04 2.45e-08h  2
  44  2.5187366e+06 1.15e+07 3.55e+08  -1.0 8.86e+04   2.3 4.51e-03 3.36e-04f  1
  45  2.5121246e+06 1.14e+07 3.22e+08  -1.0 9.05e+04   2.8 8.64e-06 1.25e-03f  1
  46  2.5120648e+06 1.14e+07 3.81e+08  -1.0 1.06e+05   3.2 7.31e-04 1.12e-05f  1
  47  2.5120594e+06 1.14e+07 3.84e+08  -1.0 2.16e+05   2.7 7.42e-05 1.35e-06f  1
  48  2.5119636e+06 1.14e+07 3.91e+08  -1.0 2.25e+05   3.1 7.40e-05 2.45e-05f  1
  49  2.5107425e+06 1.14e+07 4.04e+08  -1.0 2.26e+05   2.7 6.32e-04 3.12e-04f  1
iter    objective    inf_pr   inf_du lg(mu)  ||d||  lg(rg) alpha_du alpha_pr  ls
  50  2.5093288e+06 1.14e+07 4.15e+08  -1.0 2.18e+05   3.1 4.57e-04 3.62e-04f  1
  51  2.5001184e+06 1.14e+07 5.69e+08  -1.0 2.14e+05   2.6 7.66e-03 2.37e-03f  1
  52  2.4924117e+06 1.14e+07 7.02e+08  -1.0 1.75e+05   3.0 4.17e-03 2.03e-03f  1
  53  2.4523011e+06 1.15e+07 6.67e+08  -1.0 1.68e+05   2.6 6.39e-03 1.09e-02f  1
  54  2.4476874e+06 1.15e+07 6.40e+08  -1.0 9.32e+04   3.0 1.94e-04 1.35e-03f  1
  55  2.4444157e+06 1.15e+07 6.49e+08  -1.0 1.48e+05   2.5 8.89e-03 1.11e-03f  1
  56  2.4443875e+06 1.15e+07 7.97e+08  -1.0 9.69e+04   2.9 7.50e-03 8.36e-06f  1
  57  2.4395869e+06 1.15e+07 7.83e+08  -1.0 5.84e+05   2.5 5.50e-03 2.46e-03f  1
  58  2.4344416e+06 1.14e+07 8.65e+08  -1.0 9.94e+04   2.9 6.36e-03 1.54e-03f  1
  59  2.4343888e+06 1.14e+07 8.81e+08  -1.0 1.08e+05   2.4 4.28e-03 1.66e-05f  1
iter    objective    inf_pr   inf_du lg(mu)  ||d||  lg(rg) alpha_du alpha_pr  ls
  60  2.4343883e+06 1.14e+07 1.07e+09  -1.0 1.03e+05   2.8 1.10e-02 1.51e-07f  1
  61  2.4336336e+06 1.14e+07 1.07e+09  -1.0 1.25e+06   2.4 4.67e-06 3.91e-04f  1
  62  2.4280006e+06 1.14e+07 1.04e+09  -1.0 1.01e+05   2.8 8.42e-07 1.63e-03f  1
  63  2.4209636e+06 1.14e+07 1.04e+09  -1.0 4.32e+05   2.3 2.54e-03 2.30e-03f  1
  64  2.4196511e+06 1.14e+07 1.13e+09  -1.0 1.10e+05   2.7 3.82e-03 3.83e-04f  1
  65  2.4196473e+06 1.14e+07 1.18e+09  -1.0 1.64e+05   2.3 2.17e-03 1.14e-06f  1
  66  2.4111025e+06 1.14e+07 1.21e+09  -1.0 1.12e+05   2.7 3.70e-03 2.50e-03f  1
  67  2.4110292e+06 1.14e+07 1.58e+09  -1.0 4.34e+05   3.1 2.42e-04 2.05e-05f  1
  68  2.4104342e+06 1.14e+07 1.29e+09  -1.0 5.28e+05   2.6 2.23e-06 1.66e-04f  1
  69r 2.4104342e+06 1.14e+07 1.00e+03   5.1 0.00e+00   2.2 0.00e+00 2.29e-10R  2
iter    objective    inf_pr   inf_du lg(mu)  ||d||  lg(rg) alpha_du alpha_pr  ls
  70r 2.1688696e+06 5.45e+06 7.28e+05   5.1 2.98e+07    -  1.91e-02 2.38e-03f  1
  71  2.1680429e+06 5.44e+06 3.86e+01  -1.0 4.46e+03    -  1.43e-02 6.27e-04f  1
  72  2.1674108e+06 5.44e+06 3.86e+01  -1.0 4.27e+04    -  1.74e-05 1.63e-04f  1
  73  2.1660106e+06 5.44e+06 3.86e+01  -1.0 1.09e+05    -  4.86e-05 1.76e-04f  1
  74  2.1629847e+06 5.44e+06 3.86e+01  -1.0 1.17e+05    -  2.45e-04 3.58e-04f  1
  75  2.0730072e+06 5.61e+06 2.07e+02  -1.0 1.03e+05    -  1.26e-04 1.24e-02f  1
  76  2.0576160e+06 5.59e+06 7.86e+01  -1.0 1.08e+05    -  4.12e-04 4.28e-03f  1
  77  2.0573644e+06 5.59e+06 1.03e+04  -1.0 9.68e+04    -  1.33e-02 3.85e-05f  1
  78  1.9765126e+06 1.12e+08 2.49e+04  -1.0 6.19e+06    -  6.66e-05 6.40e-03f  1
  79  1.9764860e+06 1.12e+08 7.82e+05  -1.0 7.79e+04   1.7 3.03e-04 3.92e-06f  1
iter    objective    inf_pr   inf_du lg(mu)  ||d||  lg(rg) alpha_du alpha_pr  ls
  80  1.9735702e+06 1.12e+08 6.36e+05  -1.0 9.76e+04   1.2 2.40e-04 3.89e-04f  1
  81  1.9730345e+06 1.12e+08 7.97e+05  -1.0 1.06e+05   0.7 1.90e-04 3.79e-05f  1
  82  1.9645965e+06 1.12e+08 6.77e+05  -1.0 1.25e+05   0.2 2.79e-04 5.67e-04f  1
  83  1.9385996e+06 1.12e+08 4.36e+05  -1.0 1.71e+05  -0.2 5.43e-04 1.73e-03f  1
  84  1.8654444e+06 1.12e+08 8.94e+04  -1.0 2.55e+05  -0.7 1.75e-03 4.56e-03f  1
  85  1.8463413e+06 1.12e+08 1.27e+07  -1.0 1.16e+06  -1.2 6.41e-03 7.71e-04f  1
  86  1.8472283e+06 1.12e+08 3.24e+07  -1.0 5.48e+06  -1.7 6.93e-05 1.42e-05h  1
  87  1.8460539e+06 1.12e+08 1.25e+05  -1.0 5.27e+06  -2.1 1.15e-07 1.05e-05f  1
  88  1.8465928e+06 1.12e+08 1.25e+05  -1.0 2.84e+06  -1.7 5.07e-06 5.07e-06s  5
  89r 1.8465928e+06 1.12e+08 1.00e+03   6.0 0.00e+00  -2.2 0.00e+00 0.00e+00R  1
iter    objective    inf_pr   inf_du lg(mu)  ||d||  lg(rg) alpha_du alpha_pr  ls
  90r 1.8465691e+06 1.12e+08 1.18e+09   6.0 3.06e+08    -  1.79e-02 7.06e-06f 10
  91r 1.7844373e+06 2.80e+07 2.93e+09   3.3 1.23e+08    -  1.28e-01 8.97e-03f  1
  92  1.7844082e+06 2.80e+07 7.42e+02  -1.0 9.48e+03    -  1.60e-02 2.13e-05f  1
  93r 1.7844082e+06 2.80e+07 9.99e+02   5.4 0.00e+00    -  0.00e+00 3.71e-07R  5
  94r 1.7286316e+06 6.83e+06 9.89e+08   5.4 8.02e+07    -  5.76e-02 3.46e-03f  1
  95  1.7186862e+06 6.80e+06 3.24e+02  -1.0 3.79e+04    -  4.17e-03 4.78e-03f  1
  96  1.7186330e+06 6.80e+06 2.95e+02  -1.0 1.15e+05    -  4.70e-03 1.57e-05f  1
  97  1.7184701e+06 6.80e+06 4.91e+02  -1.0 2.51e+04    -  5.15e-03 1.63e-04f  1
  98  1.7172218e+06 6.77e+06 2.56e+02  -1.0 3.97e+04    -  1.59e-04 3.15e-03f  1
  99  1.7103524e+06 6.76e+06 1.38e+03  -1.0 1.10e+05    -  5.62e-03 1.57e-03f  1
iter    objective    inf_pr   inf_du lg(mu)  ||d||  lg(rg) alpha_du alpha_pr  ls
 100  1.7096929e+06 6.76e+06 2.16e+04  -1.0 2.66e+05    -  6.88e-03 7.66e-04f  1
 101  1.7066572e+06 6.76e+06 1.53e+03  -1.0 6.97e+05    -  5.91e-05 6.81e-04f  1
 102  1.6983555e+06 6.75e+06 1.37e+03  -1.0 1.84e+05    -  1.07e-03 1.10e-03f  1
 103  1.6982277e+06 6.75e+06 1.04e+03  -1.0 6.20e+05  -0.9 1.00e-06 3.32e-06f  1
 104  1.6982270e+06 6.75e+06 1.04e+03  -1.0 1.14e+05  -0.4 3.11e-08 9.15e-08f  1
 105r 1.6982270e+06 6.75e+06 1.00e+03   4.8 0.00e+00    -  0.00e+00 7.81e-09R  2
 106r 1.7038173e+06 6.49e+06 7.14e+06   4.8 2.20e+07    -  6.76e-04 1.19e-04f  4
 107r 1.6621870e+06 4.59e+06 4.75e+08   4.8 2.05e+07    -  2.16e-02 1.02e-03f  1
 108  1.6617950e+06 4.59e+06 1.20e+05  -1.0 5.10e+03    -  5.49e-02 2.99e-04f  1
 109  1.6596802e+06 4.59e+06 1.24e+05  -1.0 5.40e+04    -  6.82e-03 9.87e-04f  1
iter    objective    inf_pr   inf_du lg(mu)  ||d||  lg(rg) alpha_du alpha_pr  ls
 110  1.6652922e+06 4.58e+06 1.21e+05  -1.0 7.63e+04    -  1.31e-03 2.68e-03h  1
 111  1.6418623e+06 4.59e+06 9.94e+04  -1.0 1.22e+05    -  3.76e-04 2.66e-03f  1
 112  1.6436811e+06 4.59e+06 1.49e+05  -1.0 4.48e+05    -  6.47e-04 1.64e-04h  1
 113  1.6441831e+06 4.59e+06 3.73e+05  -1.0 1.91e+06    -  4.38e-04 2.16e-05h  3
 114r 1.6441831e+06 4.59e+06 1.00e+03   4.7 0.00e+00    -  0.00e+00 4.76e-07R  9
 115r 1.5838053e+06 3.12e+06 2.93e+09   4.7 1.69e+07    -  2.11e-03 1.44e-03f  1
 116  1.5833586e+06 3.11e+06 1.93e+02  -1.0 5.31e+03    -  6.62e-02 3.36e-04f  1
 117  1.5834521e+06 3.11e+06 7.06e+03  -1.0 7.12e+04    -  2.77e-03 7.61e-05h  1
 118  1.5844740e+06 3.11e+06 1.08e+04  -1.0 7.25e+05    -  1.67e-04 3.24e-05h  4
 119  1.5781947e+06 3.11e+06 2.79e+04  -1.0 5.38e+05    -  6.88e-04 2.80e-04f  1
iter    objective    inf_pr   inf_du lg(mu)  ||d||  lg(rg) alpha_du alpha_pr  ls
 120  1.5761560e+06 3.09e+06 1.22e+04  -1.0 4.82e+04    -  6.54e-05 7.30e-03f  1
 121  1.5649126e+06 3.08e+06 6.55e+03  -1.0 4.28e+04    -  3.91e-03 4.57e-03f  1
 122  1.5648477e+06 3.08e+06 6.62e+03  -1.0 4.19e+04  -0.9 6.27e-05 4.67e-05f  1
 123  1.5451113e+06 3.07e+06 1.71e+04  -1.0 2.81e+05    -  1.48e-07 1.01e-03f  1
 124  1.5443384e+06 3.07e+06 1.59e+04  -1.0 2.72e+04  -0.5 8.65e-05 7.13e-04f  1
 125  1.5443333e+06 3.07e+06 2.17e+04  -1.0 2.50e+04  -0.1 8.63e-04 4.91e-06f  1
 126  1.5475178e+06 3.04e+06 1.14e+05  -1.0 5.47e+04    -  8.18e-07 1.03e-02h  2
 127  1.5473268e+06 3.04e+06 1.14e+05  -1.0 8.26e+04  -0.5 2.17e-04 1.63e-04f  1
 128  1.5473139e+06 3.04e+06 1.41e+06  -1.0 2.57e+04   0.8 1.46e-02 5.23e-06f  1
 129  1.5472071e+06 3.04e+06 2.41e+06  -1.0 3.79e+04   0.3 3.02e-02 3.72e-05f  1
iter    objective    inf_pr   inf_du lg(mu)  ||d||  lg(rg) alpha_du alpha_pr  ls
 130  1.5409615e+06 3.03e+06 2.73e+06  -1.0 4.38e+04  -0.2 9.29e-03 1.45e-03f  1
 131  1.5333020e+06 3.03e+06 3.64e+06  -1.0 1.21e+05    -  1.60e-02 1.58e-03f  1
 132  1.5331517e+06 3.03e+06 2.73e+06  -1.0 2.91e+06    -  3.51e-06 2.22e-05f  1
 133  1.5321701e+06 3.03e+06 3.07e+06  -1.0 8.92e+04    -  2.44e-05 1.52e-04f  1
 134  1.5292658e+06 3.03e+06 3.33e+06  -1.0 7.74e+04    -  2.44e-04 4.95e-04f  1
 135  1.5206868e+06 3.02e+06 3.37e+06  -1.0 6.70e+04    -  1.44e-03 1.64e-03f  1
 136  1.5213021e+06 3.02e+06 3.55e+06  -1.0 9.47e+05    -  1.16e-06 3.29e-05h  6
 137  1.5191609e+06 3.02e+06 2.47e+06  -1.0 7.31e+04    -  2.47e-03 4.37e-04f  1
 138  1.5191518e+06 3.02e+06 2.22e+06  -1.0 1.85e+07  -0.6 2.67e-06 3.02e-07f  1
 139  1.5191370e+06 3.02e+06 3.23e+06  -1.0 1.15e+07    -  3.42e-08 1.26e-05f  1
iter    objective    inf_pr   inf_du lg(mu)  ||d||  lg(rg) alpha_du alpha_pr  ls
 140  1.5191342e+06 3.02e+06 3.23e+06  -1.0 5.44e+05   1.6 4.35e-09 1.78e-07f  1
 141r 1.5191342e+06 3.02e+06 1.00e+03   4.5 0.00e+00    -  0.00e+00 7.41e-09R  2
 142r 1.4556199e+06 2.81e+06 8.14e+05   4.5 9.36e+06    -  1.04e-02 1.39e-03f  1
 143r 1.4432521e+06 2.75e+06 3.98e+07   4.5 2.48e+06    -  1.11e-03 4.06e-04f  1
 144r 1.2854542e+06 2.05e+06 1.60e+08   3.1 2.28e+06    -  2.33e-03 5.40e-03f  1
 145  1.2853003e+06 2.05e+06 9.99e+04  -1.0 4.40e+03    -  5.84e-02 1.90e-04f  1
 146  1.2852543e+06 2.05e+06 1.06e+05  -1.0 4.53e+04    -  4.09e-03 5.53e-05f  1
 147  1.2852093e+06 2.05e+06 1.56e+06  -1.0 1.55e+05    -  6.59e-04 9.39e-06f  1
 148  1.2851541e+06 2.05e+06 3.27e+06  -1.0 3.62e+06    -  1.30e-05 2.09e-06f  1
 149  1.2851526e+06 2.05e+06 5.10e+07  -1.0 3.00e+07    -  1.81e-05 3.70e-07f  1
iter    objective    inf_pr   inf_du lg(mu)  ||d||  lg(rg) alpha_du alpha_pr  ls
 150  1.2851459e+06 2.05e+06 2.65e+07  -1.0 1.33e+08    -  2.31e-08 4.65e-07f  1
 151  1.2851455e+06 2.05e+06 5.90e+08  -1.0 2.02e+06   1.1 5.05e-06 2.16e-07f  2
 152r 1.2851455e+06 2.05e+06 1.00e+03   4.4 0.00e+00   0.6 0.00e+00 1.37e-07R  2
 153r 1.2649211e+06 1.98e+06 3.51e+08   4.4 1.30e+06    -  1.34e-03 7.69e-04f  1
 154r 1.1258641e+06 1.55e+06 3.46e+08   3.7 1.06e+06    -  8.66e-03 5.31e-03f  1
 155r 1.0351897e+06 1.25e+06 3.28e+08   3.7 1.10e+06    -  4.04e-02 3.16e-03f  1
 156r 7.2748228e+05 4.62e+05 4.59e+09   3.7 5.45e+05    -  1.25e-01 1.97e-02f  1
 157  7.2695209e+05 4.62e+05 5.78e+02  -1.0 6.84e+03    -  5.71e-03 1.07e-03f  1
 158  7.2669851e+05 4.61e+05 5.40e+02  -1.0 6.01e+03    -  1.95e-04 5.02e-04f  1
 159  7.2669545e+05 4.61e+05 5.96e+03  -1.0 5.10e+04    -  1.14e-02 8.13e-06f  1
iter    objective    inf_pr   inf_du lg(mu)  ||d||  lg(rg) alpha_du alpha_pr  ls
 160r 7.2669545e+05 4.61e+05 1.00e+03   4.2 0.00e+00    -  0.00e+00 2.65e-07R  6
 161r 6.8084730e+05 4.21e+05 8.64e+08   4.2 5.15e+05    -  4.90e-02 5.33e-03f  1
 162r 4.7766401e+05 1.91e+05 1.38e+09   3.5 1.43e+05    -  8.52e-02 3.61e-02f  1
 163  4.7711200e+05 1.90e+05 1.70e+02  -1.0 3.40e+03    -  1.44e-02 1.52e-03f  1
 164  4.7687930e+05 1.90e+05 2.07e+02  -1.0 5.47e+03    -  3.40e-03 6.64e-04f  1
 165  4.7687545e+05 1.90e+05 5.05e+03  -1.0 9.57e+04    -  3.43e-03 2.23e-05f  1
 166r 4.7687545e+05 1.90e+05 1.00e+03   4.0 0.00e+00    -  0.00e+00 4.11e-07R  9
 167r 4.4921266e+05 1.79e+05 8.12e+07   4.0 1.10e+05    -  7.24e-02 6.71e-03f  1
 168r 2.9753749e+05 8.30e+04 7.35e+07   3.3 1.02e+05    -  1.17e-01 5.31e-02f  1
 169  2.9704312e+05 8.28e+04 1.16e+03  -1.0 2.23e+03    -  1.78e-01 2.05e-03f  1
iter    objective    inf_pr   inf_du lg(mu)  ||d||  lg(rg) alpha_du alpha_pr  ls
 170  2.9681663e+05 8.27e+04 1.34e+03  -1.0 3.89e+03    -  9.88e-03 1.07e-03f  1
 171  2.9682809e+05 8.27e+04 2.50e+03  -1.0 1.59e+05    -  1.52e-03 1.03e-04h  1
 172r 2.9682809e+05 8.27e+04 1.00e+03   3.5 0.00e+00    -  0.00e+00 3.33e-07R 10
 173r 2.7662184e+05 7.67e+04 4.85e+07   3.5 6.56e+04    -  2.46e-01 7.11e-03f  1
 174  2.7655615e+05 7.67e+04 5.87e+02  -1.0 2.58e+03    -  1.71e-01 2.88e-04f  1
 175  2.7658154e+05 7.67e+04 3.35e+03  -1.0 1.43e+05    -  1.58e-03 1.29e-04h  2
 176r 2.7658154e+05 7.67e+04 1.00e+03   3.4 0.00e+00    -  0.00e+00 3.10e-07R 12
 177r 2.3351073e+05 6.10e+04 2.00e+07   3.4 6.21e+04    -  2.56e-01 1.66e-02f  1
 178  2.3338303e+05 6.10e+04 2.04e+02  -1.0 2.19e+03    -  1.32e-01 6.34e-04f  1
 179  2.3336979e+05 6.09e+04 1.43e+03  -1.0 3.45e+04    -  4.29e-03 4.37e-04f  1
iter    objective    inf_pr   inf_du lg(mu)  ||d||  lg(rg) alpha_du alpha_pr  ls
 180  2.3339488e+05 6.09e+04 3.27e+03  -1.0 1.43e+05    -  1.53e-03 6.11e-05h  5
 181  2.3343384e+05 6.09e+04 3.91e+03  -1.0 1.02e+05    -  5.35e-04 8.05e-05h  5
 182  2.3352153e+05 6.09e+04 4.85e+03  -1.0 1.36e+04   0.2 3.16e-04 2.58e-04h  1
 183  2.3367401e+05 6.09e+04 8.26e+03  -1.0 3.99e+04  -0.3 3.04e-04 1.89e-04h  1
 184  2.3393023e+05 6.09e+04 1.39e+04  -1.0 7.45e+04  -0.8 7.63e-04 3.09e-04h  3
 185  2.3415272e+05 6.09e+04 3.83e+04  -1.0 5.55e+04  -0.4 1.19e-03 2.40e-04h  3
 186  2.3418626e+05 6.09e+04 3.79e+04  -1.0 1.20e+05  -0.8 8.31e-04 6.81e-05h  6
 187  2.3458020e+05 6.08e+04 9.31e+04  -1.0 5.50e+04  -0.4 3.45e-03 4.58e-04h  3
 188  2.3453013e+05 6.08e+04 7.85e+04  -1.0 1.45e+06  -0.9 1.58e-04 7.60e-06f  5
 189  2.3553244e+05 6.08e+04 2.28e+05  -1.0 4.98e+04  -0.5 7.33e-03 1.39e-03h  1
iter    objective    inf_pr   inf_du lg(mu)  ||d||  lg(rg) alpha_du alpha_pr  ls
 190  2.3550038e+05 6.08e+04 1.53e+05  -1.0 4.73e+07    -  2.10e-06 9.61e-07f  3
 191  2.3534667e+05 6.08e+04 7.59e+05  -1.0 1.07e+06  -0.9 9.48e-04 2.76e-05f  3
 192  2.3531990e+05 6.08e+04 6.39e+06  -1.0 7.78e+05  -0.5 1.69e-03 5.26e-06f  6
 193  2.3530335e+05 6.08e+04 8.71e+06  -1.0 8.79e+05  -1.0 1.69e-03 3.07e-06f  6
 194  2.3529277e+05 6.08e+04 1.03e+07  -1.0 9.70e+05    -  1.43e-03 2.08e-06f  7
 195  2.3467707e+05 6.07e+04 1.91e+07  -1.0 1.03e+06    -  1.58e-03 1.24e-04f  1
 196  2.3463508e+05 6.07e+04 1.03e+08  -1.0 2.52e+06    -  1.26e-04 2.26e-05f  1
 197r 2.3463508e+05 6.07e+04 1.00e+03   3.2 0.00e+00    -  0.00e+00 2.68e-08R  2
 198r 1.9043264e+05 4.21e+04 1.24e+06   3.2 5.21e+04    -  6.32e-02 1.93e-02f  1
 199  1.9033080e+05 4.21e+04 3.86e+01  -1.0 3.84e+03    -  7.50e-03 3.79e-04f  1
iter    objective    inf_pr   inf_du lg(mu)  ||d||  lg(rg) alpha_du alpha_pr  ls
 200  1.9026400e+05 4.21e+04 3.86e+01  -1.0 5.00e+03    -  4.06e-05 1.88e-04f  1
 201  1.9026259e+05 4.21e+04 1.64e+04  -1.0 2.85e+04    -  1.71e-02 2.59e-06f  1
 202  1.9025688e+05 4.21e+04 1.36e+05  -1.0 1.80e+05    -  2.74e-03 3.12e-06f  1
 203  1.9025510e+05 4.21e+04 3.18e+06  -1.0 8.94e+05    -  8.14e-05 1.07e-06f  1
 204  1.9024739e+05 4.21e+04 4.78e+07  -1.0 2.03e+06    -  3.26e-05 1.63e-06f  1
 205  1.9024680e+05 4.21e+04 3.31e+08  -1.0 1.44e+07    -  3.43e-06 2.76e-07f  2
 206r 1.9024680e+05 4.21e+04 1.00e+03   2.7 0.00e+00    -  0.00e+00 1.45e-07R  2
 207r 1.6835989e+05 3.43e+04 4.83e+04   2.7 3.88e+04    -  1.88e-02 8.27e-03f  1
 208  1.6834039e+05 3.43e+04 1.18e+02  -1.0 3.48e+03    -  9.44e-03 7.80e-05f  1
 209  1.6833979e+05 3.43e+04 1.01e+05  -1.0 1.51e+04    -  2.11e-02 1.48e-06f  1
iter    objective    inf_pr   inf_du lg(mu)  ||d||  lg(rg) alpha_du alpha_pr  ls
 210  1.6833440e+05 3.43e+04 1.05e+07  -1.0 2.54e+04    -  1.93e-03 1.65e-05f  1
 211r 1.6833440e+05 3.43e+04 1.00e+03   2.5 0.00e+00    -  0.00e+00 3.07e-07R  2
 212r 1.4809006e+05 2.72e+04 1.01e+03   2.5 2.50e+04    -  3.03e-03 8.09e-03f  1
 213  1.4807664e+05 2.72e+04 1.36e+02  -1.0 3.28e+03    -  8.55e-03 6.17e-05f  1
 214  1.4807646e+05 2.72e+04 5.34e+04  -1.0 1.50e+04    -  7.76e-03 4.94e-07f  2
 215  1.4807347e+05 2.72e+04 9.06e+04  -1.0 6.52e+04    -  2.63e-05 1.48e-05f  1
 216  1.4807314e+05 2.72e+04 3.13e+06  -1.0 4.32e+05    -  3.48e-05 7.42e-07f  2
 217r 1.4807314e+05 2.72e+04 1.00e+03   2.4 0.00e+00    -  0.00e+00 8.80e-08R  2
 218r 1.2911985e+05 2.10e+04 5.00e+03   2.4 1.31e+04    -  1.85e-02 8.93e-03f  1
 219  1.2910745e+05 2.10e+04 8.49e+01  -1.0 3.31e+03    -  5.83e-03 6.68e-05f  1
iter    objective    inf_pr   inf_du lg(mu)  ||d||  lg(rg) alpha_du alpha_pr  ls
 220  1.2910690e+05 2.10e+04 3.95e+04  -1.0 1.05e+04    -  1.08e-02 1.94e-06f  1
 221  1.2910398e+05 2.10e+04 8.39e+04  -1.0 6.13e+04    -  3.44e-05 1.48e-05f  1
 222  1.2910362e+05 2.10e+04 2.85e+06  -1.0 3.41e+05    -  6.11e-05 1.16e-06f  2
 223r 1.2910362e+05 2.10e+04 1.00e+03   2.3 0.00e+00    -  0.00e+00 1.82e-07R  2
 224r 1.0253470e+05 1.36e+04 9.97e+02   2.3 1.15e+04    -  1.18e-02 1.47e-02f  1
 225  1.0251864e+05 1.36e+04 3.86e+01  -1.0 2.99e+03    -  3.46e-03 1.20e-04f  1
 226  1.0250791e+05 1.36e+04 3.86e+01  -1.0 5.32e+03    -  1.85e-05 5.80e-05f  1
 227  1.0250753e+05 1.36e+04 2.47e+04  -1.0 4.28e+04    -  7.34e-03 8.39e-07f  2
 228  1.0250736e+05 1.36e+04 1.50e+05  -1.0 7.07e+04    -  2.22e-04 2.55e-07f  2
 229  1.0250512e+05 1.36e+04 3.27e+05  -1.0 9.54e+05    -  8.82e-06 2.13e-06f  1
iter    objective    inf_pr   inf_du lg(mu)  ||d||  lg(rg) alpha_du alpha_pr  ls
 230r 1.0250512e+05 1.36e+04 1.00e+03   2.1 0.00e+00    -  0.00e+00 4.62e-07R  2
 231r 9.6630342e+04 1.21e+04 9.98e+02   2.1 9.20e+03    -  3.22e-03 4.18e-03f  1
 232  9.6626418e+04 1.21e+04 1.13e+02  -1.0 3.08e+03    -  3.53e-03 3.06e-05f  1
 233  9.6626290e+04 1.21e+04 7.67e+04  -1.0 1.91e+04    -  1.05e-02 4.71e-07f  2
 234r 9.6626290e+04 1.21e+04 1.00e+03   2.1 0.00e+00    -  0.00e+00 4.84e-07R  5
 235r 8.8466768e+04 1.02e+04 9.92e+02   2.1 8.70e+03    -  4.47e-02 6.17e-03f  1
 236  8.8460969e+04 1.02e+04 6.73e+01  -1.0 2.48e+03    -  3.69e-03 5.34e-05f  1
 237  8.8459422e+04 1.02e+04 1.92e+04  -1.0 8.83e+03    -  1.45e-02 8.85e-06f  1
 238r 8.8459422e+04 1.02e+04 1.00e+03   2.0 0.00e+00    -  0.00e+00 3.06e-07R  6
 239r 8.1585898e+04 8.74e+03 9.93e+02   2.0 8.04e+03    -  3.46e-02 5.68e-03f  1
iter    objective    inf_pr   inf_du lg(mu)  ||d||  lg(rg) alpha_du alpha_pr  ls
 240  8.1580373e+04 8.74e+03 7.11e+01  -1.0 1.90e+03    -  4.39e-03 6.03e-05f  1
 241  8.1575215e+04 8.74e+03 2.54e+03  -1.0 8.37e+03    -  2.80e-03 3.39e-05f  1
 242  8.1575116e+04 8.74e+03 4.16e+03  -1.0 2.75e+04    -  1.34e-05 1.53e-06f  2
 243  8.1572516e+04 8.74e+03 2.26e+03  -1.0 4.94e+04    -  7.23e-06 4.90e-05f  1
 244  8.1492049e+04 8.73e+03 5.56e+03  -1.0 4.29e+03    -  4.00e-04 9.08e-04f  1
 245  8.1281188e+04 8.71e+03 3.15e+04  -1.0 1.26e+03    -  3.50e-02 2.40e-03f  1
 246  7.4205154e+04 8.01e+03 2.08e+04  -1.0 9.47e+02    -  1.40e-02 8.19e-02f  1
 247  7.3236457e+04 7.91e+03 1.69e+04  -1.0 3.53e+02    -  8.55e-02 1.31e-02f  1
 248  7.3228837e+04 7.91e+03 2.03e+04  -1.0 3.50e+02    -  4.19e-03 1.06e-04f  1
 249  7.3216246e+04 7.91e+03 1.66e+04  -1.0 2.00e+03    -  2.61e-06 2.57e-04f  1
iter    objective    inf_pr   inf_du lg(mu)  ||d||  lg(rg) alpha_du alpha_pr  ls
 250  7.3159491e+04 7.89e+03 1.08e+04  -1.0 7.60e+02   1.2 2.50e-04 1.35e-03f  1
 251  7.3024539e+04 7.87e+03 1.36e+03  -1.0 8.54e+02   1.7 1.86e-03 2.81e-03f  1
 252  7.2835328e+04 7.85e+03 1.21e+04  -1.0 8.89e+02   2.1 4.49e-03 3.24e-03f  1
 253  7.2450075e+04 7.81e+03 1.51e+04  -1.0 1.10e+03   1.6 9.54e-03 5.35e-03f  1
 254  7.1616057e+04 7.71e+03 1.51e+04  -1.0 4.06e+02   1.1 6.67e-04 1.28e-02f  1
 255  7.1601264e+04 7.70e+03 1.53e+04  -1.0 3.39e+02   0.7 1.97e-05 2.31e-04f  1
 256r 7.1601264e+04 7.70e+03 1.00e+03   1.9 0.00e+00   1.1 0.00e+00 3.63e-07R  2
 257r 7.1946390e+04 1.68e+04 1.19e+04   1.9 3.50e+04    -  4.39e-03 3.68e-03f  1
 258r 7.1528229e+04 1.53e+04 2.61e+03   1.9 5.85e+01   2.0 1.53e-01 1.04e-01f  1
 259r 7.1189365e+04 1.31e+04 1.03e+04   1.9 5.17e+01   2.4 1.87e-01 1.75e-01f  1
iter    objective    inf_pr   inf_du lg(mu)  ||d||  lg(rg) alpha_du alpha_pr  ls
 260r 7.0704433e+04 1.17e+04 4.58e+03   1.9 4.56e+01   1.9 4.30e-01 1.44e-01f  1
 261r 7.0172397e+04 1.09e+04 6.29e+03   1.9 4.29e+01   1.5 3.77e-01 8.43e-02f  1
 262r 6.8683870e+04 9.73e+03 5.39e+03   1.9 5.35e+01   1.0 2.42e-01 1.19e-01f  1
 263r 6.6623883e+04 8.73e+03 3.19e+03   1.9 1.06e+02   0.5 2.10e-01 9.25e-02f  1
 264r 6.5938693e+04 6.93e+03 2.44e+03   1.9 3.39e+01   1.8 3.38e-01 3.09e-01f  1
 265  6.4691705e+04 6.84e+03 3.83e+01  -1.0 9.30e+02    -  6.56e-03 1.21e-02f  1
 266  6.4420707e+04 6.78e+03 6.37e+01  -1.0 2.51e+02   0.6 5.84e-03 9.59e-03f  1
 267  6.4386131e+04 6.77e+03 1.24e+03  -1.0 2.52e+02   0.1 1.52e-01 1.17e-03f  1
 268  6.4196102e+04 6.75e+03 1.68e+03  -1.0 3.97e+02    -  3.10e-02 2.43e-03f  1
 269  6.2335728e+04 6.57e+03 1.73e+03  -1.0 3.34e+02    -  3.17e-02 2.78e-02f  1
iter    objective    inf_pr   inf_du lg(mu)  ||d||  lg(rg) alpha_du alpha_pr  ls
 270  5.6464305e+04 5.99e+03 2.00e+03  -1.0 3.83e+02    -  1.24e-01 1.09e-01f  1
 271  5.5677708e+04 5.82e+03 4.42e+03  -1.0 2.39e+02  -0.3 1.48e-01 2.74e-02f  1
 272  5.5586465e+04 5.80e+03 4.00e+03  -1.0 2.28e+02   1.0 1.56e-02 3.92e-03f  1
 273  5.5572417e+04 5.80e+03 4.01e+03  -1.0 2.28e+02   0.5 7.79e-04 5.94e-04f  1
 274  5.3596977e+04 5.35e+03 7.36e+03  -1.0 2.31e+02   0.0 1.50e-01 7.89e-02f  1
 275  5.2777858e+04 5.15e+03 1.04e+04  -1.0 2.14e+02   0.5 9.66e-02 3.76e-02f  1
 276  5.2482096e+04 5.07e+03 1.07e+04  -1.0 2.01e+02   0.9 1.65e-02 1.47e-02f  1
 277  5.2479125e+04 5.07e+03 1.96e+04  -1.0 1.97e+02   1.3 4.33e-03 1.49e-04f  1
 278  5.2463693e+04 5.07e+03 4.18e+04  -1.0 2.10e+02   0.8 1.76e-02 5.46e-04f  1
 279  5.1896513e+04 4.97e+03 4.35e+04  -1.0 2.13e+02   1.3 2.17e-02 2.05e-02f  1
iter    objective    inf_pr   inf_du lg(mu)  ||d||  lg(rg) alpha_du alpha_pr  ls
 280  5.1900257e+04 4.97e+03 4.37e+04  -1.0 3.69e+03   0.8 5.78e-05 4.12e-05h  6
 281  5.1711208e+04 4.92e+03 3.85e+04  -1.0 1.79e+02   1.2 7.92e-03 9.63e-03f  1
 282  5.1702116e+04 4.92e+03 9.23e+04  -1.0 1.89e+02   2.5 1.68e-03 4.14e-04f  1
 283  5.1690018e+04 4.91e+03 2.62e+05  -1.0 1.88e+02   2.1 9.10e-03 5.53e-04f  1
 284  5.1019936e+04 4.76e+03 5.37e+04  -1.0 1.82e+02   1.6 2.56e-04 3.17e-02f  1
 285  5.0861640e+04 4.72e+03 5.06e+04  -1.0 1.65e+02   2.0 3.04e-03 8.17e-03f  1
 286  5.1035229e+04 4.65e+03 4.64e+04  -1.0 3.52e+02   1.5 4.36e-04 1.61e-02h  1
 287  5.0953277e+04 4.63e+03 7.09e+05  -1.0 1.65e+02   2.0 7.59e-02 4.52e-03f  1
 288  5.0585108e+04 4.52e+03 8.04e+05  -1.0 3.57e+02   1.5 7.84e-02 2.38e-02f  1
 289  4.9791263e+04 4.31e+03 1.35e+06  -1.0 1.46e+02   1.9 1.42e-01 4.65e-02f  1
iter    objective    inf_pr   inf_du lg(mu)  ||d||  lg(rg) alpha_du alpha_pr  ls
 290  4.9063909e+04 4.11e+03 1.34e+06  -1.0 1.70e+02   1.4 3.85e-02 4.66e-02f  1
 291  4.8940907e+04 4.08e+03 1.03e+06  -1.0 1.26e+02   1.8 1.32e-02 7.51e-03f  1
 292  4.8936729e+04 4.08e+03 1.31e+06  -1.0 3.84e+03   1.4 2.92e-06 9.23e-05f  1
 293  4.8917939e+04 4.07e+03 1.40e+06  -1.0 2.41e+02   1.8 7.11e-04 1.17e-03f  1
 294  4.8853833e+04 4.06e+03 9.23e+05  -1.0 1.45e+02   2.2 1.03e-02 4.16e-03f  1
 295  4.8851119e+04 4.06e+03 8.75e+05  -1.0 1.15e+03   1.7 2.68e-04 2.26e-04f  1
 296  4.8817123e+04 4.05e+03 1.08e+06  -1.0 2.03e+02   2.2 2.57e-04 2.32e-03f  1
 297  4.8795952e+04 4.04e+03 1.11e+06  -1.0 1.40e+02   2.6 8.27e-02 1.43e-03f  1
 298  4.8714300e+04 4.02e+03 2.13e+06  -1.0 2.68e+02   2.1 1.46e-04 5.91e-03f  1
 299  4.8707996e+04 4.02e+03 2.13e+06  -1.0 1.66e+02   2.5 6.36e-03 4.58e-04f  1
iter    objective    inf_pr   inf_du lg(mu)  ||d||  lg(rg) alpha_du alpha_pr  ls
 300  4.8706474e+04 4.02e+03 2.16e+06  -1.0 4.21e+02   2.1 2.43e-05 1.42e-04f  1
 301  4.8705871e+04 4.01e+03 2.32e+06  -1.0 1.76e+02   2.5 3.04e-02 4.45e-05f  1
 302  4.8696852e+04 4.01e+03 2.52e+06  -1.0 5.26e+02   2.0 4.12e-04 9.43e-04f  1
 303  4.8696259e+04 4.01e+03 3.14e+06  -1.0 1.90e+02   2.4 5.97e-03 4.54e-05f  1
 304  4.8694436e+04 4.01e+03 2.69e+06  -1.0 7.58e+02   2.0 1.11e-03 3.08e-04f  1
 305  4.8364871e+04 3.91e+03 9.19e+05  -1.0 2.01e+02   2.4 2.30e-04 2.58e-02f  1
 306  4.8374839e+04 3.90e+03 9.28e+05  -1.0 7.73e+02   1.9 1.55e-04 1.24e-03h  1
 307  4.8367210e+04 3.90e+03 9.29e+05  -1.0 1.73e+02   2.3 6.34e-03 7.40e-04f  1
 308  4.8367608e+04 3.90e+03 9.29e+05  -1.0 9.18e+02   1.9 1.37e-05 2.61e-05h  1
 309  4.8367472e+04 3.90e+03 9.29e+05  -1.0 1.84e+02   2.3 1.12e-04 1.38e-05f  2
iter    objective    inf_pr   inf_du lg(mu)  ||d||  lg(rg) alpha_du alpha_pr  ls
 310r 4.8367472e+04 3.90e+03 1.00e+03   1.6 0.00e+00   1.8 0.00e+00 8.50e-08R  2
 311r 4.8352815e+04 3.88e+03 1.20e+03   1.6 8.00e+03    -  1.50e-04 2.66e-05f  1
 312r 4.8205710e+04 3.74e+03 4.66e+04   0.9 6.47e+03    -  1.27e-02 3.67e-04f  1
 313r 4.7109942e+04 3.11e+03 7.91e+04   0.9 5.90e+03    -  7.91e-03 3.09e-03f  1
 314  4.7107565e+04 3.11e+03 8.04e+02  -1.0 9.51e+02    -  4.64e-03 1.73e-05f  1
 315  4.7091110e+04 3.11e+03 1.53e+04  -1.0 4.57e+02    -  1.02e-02 5.86e-04f  1
 316  4.7035699e+04 3.10e+03 1.23e+04  -1.0 4.33e+02    -  1.17e-04 2.13e-03f  1
 317  4.6193520e+04 3.04e+03 6.67e+03  -1.0 3.02e+02    -  3.26e-03 1.93e-02f  1
 318  4.6192488e+04 3.04e+03 1.82e+04  -1.0 9.37e+01   1.3 1.19e-03 1.10e-04f  1
 319  4.6153038e+04 3.03e+03 1.37e+04  -1.0 9.54e+01   0.9 1.01e-03 4.31e-03f  1
iter    objective    inf_pr   inf_du lg(mu)  ||d||  lg(rg) alpha_du alpha_pr  ls
 320  4.6086698e+04 3.01e+03 2.63e+04  -1.0 9.60e+01   0.4 3.61e-03 7.16e-03f  1
 321  4.6086163e+04 3.01e+03 6.23e+05  -1.0 9.28e+01   2.6 1.84e-03 5.81e-05f  2
 322  4.6071377e+04 3.00e+03 1.02e+06  -1.0 9.36e+01   2.1 4.46e-03 1.66e-03f  1
 323  4.6067227e+04 3.00e+03 3.68e+06  -1.0 9.39e+01   2.6 7.35e-03 4.76e-04f  1
 324  4.6067049e+04 3.00e+03 5.06e+06  -1.0 9.58e+01   2.1 9.75e-03 2.24e-05f  2
 325  4.6055055e+04 2.99e+03 5.60e+06  -1.0 9.80e+01   1.6 1.36e-02 1.59e-03f  1
 326  4.6054362e+04 2.99e+03 5.78e+06  -1.0 1.06e+02   1.1 1.39e-02 1.06e-04f  1
 327  4.5948288e+04 2.93e+03 5.65e+06  -1.0 1.31e+02   0.7 1.83e-02 2.19e-02f  1
 328  4.6084177e+04 2.79e+03 5.15e+06  -1.0 2.48e+02   0.2 8.47e-02 4.62e-02h  1
 329  4.6102589e+04 2.78e+03 5.11e+06  -1.0 6.49e+02  -0.3 3.05e-03 4.07e-04h  1
iter    objective    inf_pr   inf_du lg(mu)  ||d||  lg(rg) alpha_du alpha_pr  ls
 330  4.6097967e+04 2.64e+03 5.04e+06  -1.0 1.43e+02   0.1 1.23e-02 4.86e-02f  1
 331  4.6127875e+04 2.64e+03 4.95e+06  -1.0 2.54e+02  -0.3 1.41e-02 2.28e-03h  1
 332  4.6101538e+04 2.55e+03 4.91e+06  -1.0 1.13e+02   0.1 6.12e-03 3.39e-02f  1
 333  4.6180320e+04 2.52e+03 4.75e+06  -1.0 1.92e+02  -0.4 2.71e-02 9.05e-03h  1
 334  4.6162565e+04 2.49e+03 4.73e+06  -1.0 9.96e+01   0.0 3.84e-03 1.25e-02f  1
 335  4.6171916e+04 2.49e+03 4.73e+06  -1.0 2.09e+02  -0.5 8.54e-04 7.45e-04h  1
 336  4.6166898e+04 2.48e+03 4.57e+06  -1.0 9.62e+01  -0.0 3.29e-02 2.83e-03f  1
 337  4.6273194e+04 2.44e+03 4.59e+06  -1.0 1.71e+02  -0.5 9.97e-05 1.57e-02h  1
 338  4.6298900e+04 2.44e+03 4.56e+06  -1.0 4.06e+02  -1.0 3.92e-03 7.60e-04h  1
 339  4.6312609e+04 2.44e+03 4.55e+06  -1.0 1.10e+04  -1.5 4.09e-05 1.46e-05h  1
iter    objective    inf_pr   inf_du lg(mu)  ||d||  lg(rg) alpha_du alpha_pr  ls
 340  4.6393098e+04 2.43e+03 4.53e+06  -1.0 3.43e+02  -1.0 4.83e-03 3.25e-03h  1
 341  4.6464832e+04 2.43e+03 4.53e+06  -1.0 1.82e+03    -  2.94e-04 6.56e-04h  1
 342  4.6513605e+04 2.43e+03 4.49e+06  -1.0 5.41e+02    -  4.87e-03 2.30e-03h  1
 343  4.6542703e+04 2.42e+03 4.50e+06  -1.0 6.34e+02    -  3.12e-04 1.01e-03h  1
 344  4.6546955e+04 2.42e+03 4.40e+06  -1.0 3.36e+02    -  1.17e-02 5.03e-04h  1
 345  4.6624785e+04 2.40e+03 4.37e+06  -1.0 3.22e+02    -  7.98e-03 9.89e-03h  1
 346  4.6749162e+04 2.36e+03 4.36e+06  -1.0 2.74e+02    -  7.58e-03 1.55e-02h  1
 347  4.6960748e+04 2.36e+03 4.37e+06  -1.0 2.19e+03  -1.5 3.10e-04 1.49e-03h  1
 348  4.6963560e+04 2.36e+03 4.27e+06  -1.0 2.61e+02    -  1.47e-02 1.99e-04h  1
 349  4.7053359e+04 2.27e+03 4.03e+06  -1.0 1.81e+02    -  4.95e-02 3.49e-02h  1
iter    objective    inf_pr   inf_du lg(mu)  ||d||  lg(rg) alpha_du alpha_pr  ls
 350  4.7180142e+04 1.80e+03 3.78e+06  -1.0 1.39e+02    -  9.35e-02 1.92e-01h  1
 351  4.7119937e+04 1.68e+03 3.59e+06  -1.0 1.29e+02    -  4.66e-02 6.79e-02f  1
 352  4.7109184e+04 1.66e+03 3.58e+06  -1.0 9.66e+01    -  2.18e-03 6.99e-03f  1
 353  4.7098073e+04 1.63e+03 3.46e+06  -1.0 1.06e+02    -  3.72e-02 1.90e-02f  1
 354  4.7093426e+04 1.59e+03 3.38e+06  -1.0 1.06e+02    -  2.09e-02 2.76e-02f  1
 355  4.7042894e+04 1.55e+03 3.37e+06  -1.0 7.61e+01    -  1.10e-03 2.21e-02f  1
 356  4.7041481e+04 1.55e+03 3.22e+06  -1.0 6.70e+01    -  4.98e-02 1.32e-03f  1
 357  4.6968691e+04 1.48e+03 3.19e+06  -1.0 6.44e+01    -  2.51e-03 4.71e-02f  1
 358  4.6967771e+04 1.47e+03 3.09e+06  -1.0 5.96e+01    -  3.92e-02 9.88e-04f  1
 359  4.6844507e+04 1.41e+03 3.07e+06  -1.0 6.82e+01    -  4.52e-04 4.06e-02f  1
iter    objective    inf_pr   inf_du lg(mu)  ||d||  lg(rg) alpha_du alpha_pr  ls
 360  4.6793250e+04 1.41e+03 3.02e+06  -1.0 3.40e+02    -  1.60e-02 2.68e-03f  1
 361  4.6792142e+04 1.41e+03 2.95e+06  -1.0 5.67e+01    -  2.72e-02 2.00e-03f  1
 362  4.6781065e+04 1.39e+03 2.94e+06  -1.0 5.41e+01    -  2.47e-03 1.02e-02f  1
 363  4.6780323e+04 1.36e+03 2.68e+06  -1.0 5.64e+01    -  1.03e-01 2.66e-02h  1
 364  4.6766975e+04 1.34e+03 2.67e+06  -1.0 4.75e+01    -  2.88e-03 1.20e-02f  1
 365  4.6720177e+04 1.29e+03 2.64e+06  -1.0 4.57e+01    -  1.74e-03 3.61e-02f  1
 366  4.6720260e+04 1.29e+03 2.56e+06  -1.0 4.73e+01    -  3.97e-02 1.33e-03h  1
 367  4.6755273e+04 1.21e+03 2.49e+06  -1.0 4.88e+01    -  1.79e-02 6.07e-02h  1
 368  4.6672957e+04 1.19e+03 2.48e+06  -1.0 1.31e+02    -  1.55e-03 1.56e-02f  1
 369  4.6672744e+04 1.19e+03 2.44e+06  -1.0 4.06e+01    -  2.37e-02 1.79e-03h  1
iter    objective    inf_pr   inf_du lg(mu)  ||d||  lg(rg) alpha_du alpha_pr  ls
 370  4.6673517e+04 1.17e+03 2.40e+06  -1.0 4.13e+01    -  1.13e-02 1.79e-02h  1
 371  4.6705289e+04 1.13e+03 2.13e+06  -1.0 6.54e+01    -  1.55e-01 3.36e-02h  1
 372  4.6822384e+04 1.03e+03 2.05e+06  -1.0 7.53e+01    -  4.38e-03 8.37e-02h  1
 373  4.6985408e+04 9.30e+02 1.73e+06  -1.0 8.49e+01    -  1.93e-01 9.85e-02h  1
 374  4.7281120e+04 7.65e+02 1.54e+06  -1.0 7.83e+01    -  5.59e-02 1.75e-01h  1
 375  4.7368078e+04 7.14e+02 1.38e+06  -1.0 3.99e+01    -  1.52e-01 6.57e-02h  1
 376  4.7548566e+04 6.15e+02 1.17e+06  -1.0 2.80e+01    -  1.66e-01 1.37e-01h  1
 377  4.7616880e+04 5.93e+02 9.95e+05  -1.0 1.11e+02    -  1.38e-01 3.50e-02H  1
 378  4.7724801e+04 6.26e+02 8.86e+05  -1.0 2.46e+02    -  1.07e-01 6.58e-02h  2
 379  4.7724692e+04 6.26e+02 9.04e+05  -1.0 9.55e+02  -2.0 9.89e-04 2.20e-04h  1
iter    objective    inf_pr   inf_du lg(mu)  ||d||  lg(rg) alpha_du alpha_pr  ls
 380  4.7724843e+04 6.26e+02 9.04e+05  -1.0 1.24e+02  -1.6 1.20e-04 1.22e-04f 11
 381  4.7729155e+04 6.27e+02 9.05e+05  -1.0 1.23e+03  -2.0 1.00e-03 1.47e-03h  4
 382  4.7766673e+04 6.33e+02 9.01e+05  -1.0 2.08e+02  -1.6 1.98e-03 2.82e-02h  1
 383  4.7856699e+04 6.62e+02 8.52e+05  -1.0 1.24e+02  -1.2 5.93e-02 9.21e-02h  1
 384  4.7858494e+04 6.59e+02 9.03e+05  -1.0 7.39e+01   0.1 1.21e-02 4.23e-03h  1
 385  4.7858465e+04 6.59e+02 9.61e+05  -1.0 9.18e+01   0.6 2.21e-03 6.70e-05h  1
 386  4.7858701e+04 6.59e+02 9.51e+05  -1.0 2.00e+02   0.1 2.95e-05 5.52e-04f  5
 387  4.7858923e+04 6.58e+02 1.03e+06  -1.0 3.50e+01   0.5 3.63e-02 3.14e-04f  8
 388  4.7846495e+04 6.49e+02 1.04e+06  -1.0 1.48e+02   0.0 4.01e-04 1.41e-02f  1
 389  4.7964814e+04 5.87e+02 9.19e+05  -1.0 1.96e+01  -0.4 1.55e-02 9.48e-02h  1
iter    objective    inf_pr   inf_du lg(mu)  ||d||  lg(rg) alpha_du alpha_pr  ls
 390  4.8043474e+04 6.39e+02 8.63e+05  -1.0 1.74e+02    -  1.77e-02 7.05e-02h  1
 391  4.8265396e+04 8.89e+02 6.95e+05  -1.0 1.44e+02    -  5.51e-02 2.10e-01H  1
 392  4.8363909e+04 8.36e+02 6.15e+05  -1.0 7.17e+01    -  2.15e-01 1.13e-01h  1
 393  4.8485713e+04 7.98e+02 5.14e+05  -1.0 6.86e+01    -  3.52e-01 1.64e-01h  1
 394  4.8632786e+04 6.41e+02 2.89e+05  -1.0 1.28e+01  -0.0 9.09e-02 1.96e-01h  1
 395  4.8633675e+04 6.39e+02 2.50e+05  -1.0 6.43e+01    -  1.52e-01 2.30e-03h  1
 396  4.8627740e+04 1.11e+03 2.51e+05  -1.0 1.34e+02    -  3.58e-04 2.00e-01f  2
 397  4.8680358e+04 8.17e+02 1.78e+05  -1.0 1.66e+01   0.4 2.57e-01 2.65e-01h  1
 398  4.8608608e+04 7.36e+02 1.30e+05  -1.0 3.22e+01  -0.1 1.18e-01 1.01e-01f  1
 399  4.8500959e+04 6.13e+02 2.19e+05  -1.0 1.97e+01   0.4 1.11e-01 1.69e-01f  1
iter    objective    inf_pr   inf_du lg(mu)  ||d||  lg(rg) alpha_du alpha_pr  ls
 400  4.8423758e+04 5.50e+02 9.46e+04  -1.0 7.94e+00   0.8 1.32e-01 1.03e-01f  1
 401  4.8376945e+04 5.43e+02 2.09e+05  -1.0 3.25e+01   0.3 5.14e-02 1.32e-02f  1
 402  4.8298641e+04 4.90e+02 2.58e+04  -1.0 8.07e+00   0.7 3.48e-02 9.74e-02f  1
 403  4.8240261e+04 4.72e+02 2.20e+05  -1.0 1.30e+01   0.3 1.30e-01 3.74e-02f  1
 404  4.8090354e+04 3.38e+02 1.38e+05  -1.0 1.38e+01   0.7 2.30e-01 2.83e-01f  1
 405  4.7979683e+04 2.67e+02 1.74e+05  -1.0 1.47e+01   0.2 5.22e-02 2.13e-01f  1
 406  4.7621083e+04 1.63e+02 8.01e+04  -1.0 1.31e+01  -0.3 4.55e-01 3.91e-01f  1
 407  4.7618642e+04 1.61e+02 6.59e+04  -1.0 2.53e+00   2.0 3.60e-02 1.29e-02f  1
 408  4.7592646e+04 1.29e+02 9.87e+04  -1.0 2.60e+00   1.5 1.29e-01 1.96e-01f  1
 409  4.7590765e+04 1.27e+02 8.04e+04  -1.0 3.34e+00   1.0 8.33e-02 1.45e-02f  1
iter    objective    inf_pr   inf_du lg(mu)  ||d||  lg(rg) alpha_du alpha_pr  ls
 410  4.7485667e+04 6.61e+01 4.68e+04  -1.0 4.43e+00   0.5 9.94e-01 4.82e-01f  1
 411  4.7367748e+04 5.10e+01 2.39e+04  -1.0 6.73e+00   0.1 5.64e-01 2.29e-01f  1
 412  4.7337878e+04 4.97e+01 9.14e+04  -1.0 5.48e+01  -0.4 2.61e-01 2.56e-02f  1
 413  4.7337513e+04 4.97e+01 2.58e+05  -1.0 1.70e+02   0.0 2.74e-02 8.61e-05H  1
 414  4.7218573e+04 4.48e+01 2.51e+05  -1.0 4.28e+01  -0.5 7.80e-01 1.01e-01f  1
 415  4.7189236e+04 6.59e+01 2.50e+05  -1.0 4.27e+03    -  7.47e-04 3.24e-03f  1
 416  4.7146682e+04 6.51e+01 2.42e+05  -1.0 4.32e+01  -0.9 2.22e-01 1.23e-02f  1
 417  4.6965058e+04 3.04e+02 2.30e+05  -1.0 4.37e+03    -  5.02e-03 2.82e-02f  1
 418  4.7063977e+04 2.97e+02 1.96e+05  -1.0 6.39e+01   0.4 1.44e-04 2.45e-02h  1
 419  4.6818206e+04 1.35e+02 1.86e+05  -1.0 5.63e+00  -0.1 1.34e-01 5.49e-01f  1
iter    objective    inf_pr   inf_du lg(mu)  ||d||  lg(rg) alpha_du alpha_pr  ls
 420  4.6790775e+04 1.30e+02 1.10e+05  -1.0 1.05e+01  -0.6 7.43e-01 3.75e-02f  1
 421  4.6788195e+04 1.30e+02 1.43e+05  -1.0 4.76e+03    -  2.09e-01 1.91e-03f  1
 422  4.6573462e+04 3.56e+02 1.77e+05  -1.0 5.94e+03    -  3.19e-01 1.88e-01f  1
 423  4.6451678e+04 4.39e+02 1.49e+05  -1.0 8.38e+03    -  3.55e-03 8.11e-02f  1
 424  4.6448591e+04 4.38e+02 6.69e+04  -1.0 1.96e+01  -1.0 8.77e-01 3.71e-03f  1
 425  4.6295504e+04 3.67e+02 5.14e+04  -1.0 2.24e+01  -1.5 7.58e-02 1.64e-01f  1
 426  4.6293055e+04 3.65e+02 1.33e+05  -1.0 1.43e+01  -2.0 1.00e+00 4.34e-03f  1
 427  4.6194315e+04 2.81e+02 8.13e+04  -1.0 2.28e+01  -1.6 1.00e+00 4.89e-01f  1
 428  4.6066986e+04 2.29e+01 3.06e+03  -1.0 6.36e+00  -1.2 7.81e-01 1.00e+00f  1
 429  4.6026908e+04 6.64e+01 7.11e+03  -1.0 2.18e+01  -1.6 1.00e+00 3.81e-01f  1
iter    objective    inf_pr   inf_du lg(mu)  ||d||  lg(rg) alpha_du alpha_pr  ls
 430  4.5958341e+04 4.10e+01 3.98e+02  -1.0 7.80e+00  -1.2 1.00e+00 1.00e+00f  1
 431  4.5948938e+04 4.47e+01 3.15e+04  -1.0 3.61e+01  -1.7 1.00e+00 9.19e-02f  1
 432  4.5946633e+04 4.23e+01 3.73e+05  -1.0 6.47e+03    -  1.00e+00 5.79e-02f  1
 433  4.5917809e+04 6.89e+00 6.31e+03  -1.0 9.27e+04    -  1.00e+00 1.00e+00f  1
 434  4.5908298e+04 4.67e-01 7.52e+01  -1.0 8.69e-01    -  1.00e+00 1.00e+00f  1
 435  4.5903378e+04 1.03e-01 7.63e+01  -1.0 4.14e-01    -  1.00e+00 1.00e+00f  1
 436  4.5894181e+04 1.69e-01 1.01e+03  -1.7 5.26e-01    -  8.57e-01 1.00e+00f  1
 437  4.5892471e+04 1.26e-02 7.72e+01  -1.7 1.43e-01    -  1.00e+00 1.00e+00f  1
 438  4.5891868e+04 1.47e-03 7.62e+01  -1.7 4.95e-02    -  1.00e+00 1.00e+00f  1
 439  4.5891563e+04 3.80e-04 7.41e+01  -1.7 2.52e-02    -  1.00e+00 1.00e+00f  1
iter    objective    inf_pr   inf_du lg(mu)  ||d||  lg(rg) alpha_du alpha_pr  ls
 440  4.5891411e+04 9.44e-05 6.99e+01  -1.7 1.25e-02    -  1.00e+00 1.00e+00f  1
 441  4.5889655e+04 5.51e-03 2.12e+02  -2.5 9.37e-02    -  8.47e-01 1.00e+00f  1
 442  4.5889580e+04 4.68e-06 4.07e+01  -2.5 3.05e-02    -  1.00e+00 1.00e+00f  1
 443  4.5889284e+04 1.38e-04 6.41e+01  -3.8 3.10e-02    -  7.02e-01 1.00e+00f  1
 444  4.5889264e+04 1.45e-06 6.18e+01  -3.8 7.47e-03    -  1.00e+00 1.00e+00f  1
 445  4.5889264e+04 3.69e-07 1.72e-01  -3.8 1.87e-04  -2.2 1.00e+00 1.00e+00h  1
 446  4.5889246e+04 5.16e-07 1.91e+00  -5.7 1.89e-03  -1.7 9.76e-01 1.00e+00f  1
 447  4.5889246e+04 3.40e-08 4.62e-03  -5.7 2.78e-05  -1.3 1.00e+00 1.00e+00h  1
 448  4.5889244e+04 1.62e-07 3.61e+00  -8.6 1.82e-04    -  1.00e+00 1.00e+00f  1
 449  4.5889244e+04 3.78e-08 2.98e-03  -8.6 9.00e-07    -  1.00e+00 1.00e+00h  1
iter    objective    inf_pr   inf_du lg(mu)  ||d||  lg(rg) alpha_du alpha_pr  ls
 450  4.5889244e+04 1.64e-08 1.91e-02  -8.6 1.10e-05  -1.8 1.00e+00 1.00e+00f  1
 451  4.5889240e+04 7.54e-08 1.98e+01  -8.6 3.54e-04   1.4 1.00e+00 1.00e+00f  1
 452  4.5889241e+04 1.63e-08 3.36e-02  -8.6 8.14e-05    -  1.00e+00 1.00e+00h  1
 453  4.5889240e+04 4.36e-09 6.68e-01  -8.6 5.03e-05   0.9 1.00e+00 1.00e+00f  1
 454  4.5889240e+04 3.53e-08 3.73e-03  -8.6 2.43e-06    -  1.00e+00 1.00e+00f  1
 455  4.5889239e+04 2.26e-08 3.90e+00  -8.6 1.15e-04   1.3 1.00e+00 1.00e+00f  1
 456  4.5889239e+04 7.65e-07 6.58e-02  -8.6 7.21e-06   4.0 1.00e+00 1.00e+00f  1
 457  4.5889239e+04 1.18e-08 1.56e-02  -8.6 1.94e-05    -  1.00e+00 1.00e+00h  1
 458  4.5889239e+04 4.25e-08 1.69e-03  -8.6 2.14e-06    -  1.00e+00 1.00e+00h  1
 459  4.5889237e+04 2.78e-08 1.81e+05  -8.6 3.91e-04   3.5 1.42e-01 3.45e-01f  1
iter    objective    inf_pr   inf_du lg(mu)  ||d||  lg(rg) alpha_du alpha_pr  ls
 460  4.5889237e+04 2.78e-08 1.96e+05  -8.6 3.72e+00    -  1.02e-01 1.55e-09f  2
 461  4.5889233e+04 5.93e-08 1.13e+05  -8.6 3.14e-04   3.0 1.12e-01 1.00e+00f  1
 462  4.5889232e+04 2.91e-09 4.60e+01  -8.6 6.70e-05   3.4 1.00e+00 1.00e+00f  1
 463  4.5889232e+04 4.73e-09 1.27e+05  -8.6 1.47e-03    -  1.00e+00 4.14e-02f  1
 464  4.5889232e+04 2.15e-09 1.50e+00  -8.6 4.82e-06   3.0 1.00e+00 1.00e+00h  1
 465  4.5889232e+04 1.19e-09 9.19e-01  -8.6 1.44e-05   2.5 1.00e+00 1.00e+00f  1
 466  4.5889231e+04 1.54e-09 1.40e+01  -8.6 4.98e-05   2.9 1.00e+00 1.00e+00f  1
 467  4.5889229e+04 1.09e-07 6.65e+04  -8.6 1.95e-01   2.4 7.41e-03 2.28e-03H  1
 468  4.5889229e+04 1.09e-07 2.52e+04  -8.6 1.23e+00    -  3.09e-01 2.22e-09f  2
 469  4.5889229e+04 9.51e-07 1.18e-04  -8.6 5.06e-06    -  1.00e+00 1.00e+00h  1