iter    objective    inf_pr   inf_du lg(mu)  ||d||  lg(rg) alpha_du alpha_pr  ls
   0  6.2547920e+05 1.00e+06 1.39e+01  -1.0 0.00e+00    -  0.00e+00 0.00e+00   0
   1  6.1282262e+05 9.57e+05 1.28e+02  -1.0 3.04e+03   0.0 4.47e-02 4.49e-02f  1
   2  6.1203565e+05 9.54e+05 1.31e+02  -1.0 3.01e+03  -0.5 7.61e-02 2.97e-03f  1
   3  6.0740929e+05 9.37e+05 1.77e+02  -1.0 3.07e+03  -0.1 8.97e-02 1.85e-02f  1
   4  6.0372396e+05 9.17e+05 1.91e+02  -1.0 3.06e+03  -0.5 9.09e-02 2.14e-02f  1
   5  6.0105097e+05 9.02e+05 4.17e+02  -1.0 3.27e+03  -0.1 1.25e-01 1.64e-02f  1
   6  6.0116937e+05 8.87e+05 4.20e+02  -1.0 6.14e+03  -0.6 3.03e-02 1.66e-02h  1
   7  6.0011506e+05 8.80e+05 7.96e+02  -1.0 3.78e+03  -0.2 8.77e-02 8.34e-03f  1
   8  5.9820696e+05 8.69e+05 2.78e+03  -1.0 4.07e+03   0.3 9.71e-02 1.34e-02f  1
   9  5.9804971e+05 8.56e+05 2.93e+03  -1.0 7.51e+03  -0.2 4.57e-02 1.44e-02f  1
iter    objective    inf_pr   inf_du lg(mu)  ||d||  lg(rg) alpha_du alpha_pr  ls
  10  5.9675093e+05 8.47e+05 4.12e+03  -1.0 5.21e+03   0.2 6.11e-02 1.11e-02f  1
  11  5.9373450e+05 8.29e+05 7.31e+03  -1.0 5.60e+03   0.6 7.39e-02 2.23e-02f  1
  12  5.9342094e+05 8.28e+05 2.03e+04  -1.0 7.34e+03   1.1 1.27e-01 1.59e-03f  1
  13  5.8429376e+05 8.11e+05 7.50e+05  -1.0 1.05e+04   0.6 2.34e-01 2.59e-02f  1
  14  5.7734474e+05 7.90e+05 7.82e+07  -1.0 9.29e+03   1.0 2.37e-02 5.11e-02f  1
  15  5.7295466e+05 7.60e+05 7.38e+07  -1.0 4.28e+03   1.4 8.71e-02 5.02e-02f  1
  16  5.7282804e+05 7.59e+05 7.37e+07  -1.0 3.20e+03   1.9 1.43e-01 1.32e-03f  1
  17  5.7271645e+05 7.59e+05 7.36e+07  -1.0 3.11e+03   1.4 1.42e-01 1.16e-03f  1
  18  5.6923666e+05 7.34e+05 7.08e+07  -1.0 3.17e+03   1.8 2.96e-01 3.67e-02f  1
  19  5.6464704e+05 7.04e+05 6.74e+07  -1.0 2.60e+03   2.2 3.61e-01 4.33e-02f  1
iter    objective    inf_pr   inf_du lg(mu)  ||d||  lg(rg) alpha_du alpha_pr  ls
  20  5.5867529e+05 6.74e+05 6.42e+07  -1.0 2.00e+03   1.8 4.81e-01 4.49e-02f  1
  21  5.4965766e+05 6.30e+05 5.94e+07  -1.0 1.68e+03   2.2 5.68e-01 6.74e-02f  1
  22  5.4926506e+05 6.28e+05 5.92e+07  -1.0 1.23e+03   2.6 7.85e-01 2.75e-03f  1
  23  5.2204505e+05 5.15e+05 4.40e+07  -1.0 1.17e+03   2.1 8.56e-01 1.83e-01f  1
  24  5.2164778e+05 5.14e+05 4.39e+07  -1.0 6.08e+02   2.6 9.65e-01 2.49e-03f  1
  25  4.9068247e+05 4.24e+05 3.33e+07  -1.0 6.07e+02   2.1 4.11e-01 1.83e-01f  1
  26  4.9021521e+05 4.23e+05 3.32e+07  -1.0 5.26e+02   2.5 2.74e-01 2.84e-03f  1
  27  4.7752141e+05 3.92e+05 3.05e+07  -1.0 5.27e+02   2.0 2.49e-01 7.67e-02f  1
  28  4.7738123e+05 3.92e+05 3.05e+07  -1.0 4.93e+02   2.5 8.67e-01 8.58e-04f  1
  29  4.7083416e+05 3.77e+05 2.93e+07  -1.0 4.94e+02   2.0 1.00e+00 4.01e-02f  1
iter    objective    inf_pr   inf_du lg(mu)  ||d||  lg(rg) alpha_du alpha_pr  ls
  30  4.3233231e+05 3.00e+05 2.04e+07  -1.0 4.76e+02   2.4 6.18e-01 2.38e-01f  1
  31  4.3106942e+05 2.98e+05 2.03e+07  -1.0 4.53e+02   1.9 1.00e+00 8.45e-03f  1
  32  4.2814636e+05 2.92e+05 2.00e+07  -1.0 4.54e+02   2.4 2.19e-01 1.93e-02f  1
  33  4.2661369e+05 2.89e+05 1.98e+07  -1.0 4.64e+02   1.9 9.70e-01 1.02e-02f  1
  34  3.9819327e+05 2.40e+05 1.61e+07  -1.0 4.67e+02   2.3 2.27e-01 1.87e-01f  1
  35  3.8541488e+05 2.20e+05 1.47e+07  -1.0 5.39e+02   1.8 9.04e-03 8.90e-02f  1
  36  3.8538477e+05 2.20e+05 1.48e+07  -1.0 5.64e+02   1.4 8.99e-01 2.18e-04f  1
  37  3.8368194e+05 2.02e+05 1.35e+07  -1.0 1.33e+04   0.9 8.63e-02 8.37e-02f  1
  38  3.8190866e+05 2.00e+05 1.34e+07  -1.0 6.00e+02   1.3 9.94e-01 1.30e-02f  1
  39  3.7163247e+05 1.85e+05 1.23e+07  -1.0 6.04e+02   0.8 7.79e-02 7.49e-02f  1
iter    objective    inf_pr   inf_du lg(mu)  ||d||  lg(rg) alpha_du alpha_pr  ls
  40  3.7101248e+05 1.84e+05 1.23e+07  -1.0 6.17e+02   1.3 1.00e+00 4.64e-03f  1
  41  3.5518004e+05 1.64e+05 1.09e+07  -1.0 6.18e+02   0.8 4.36e-01 1.16e-01f  1
  42  3.5447350e+05 1.63e+05 1.09e+07  -1.0 6.32e+02   1.2 8.32e-01 5.43e-03f  1
  43  3.3752554e+05 1.44e+05 9.56e+06  -1.0 6.23e+02   0.7 5.38e-01 1.21e-01f  1
  44  3.3374010e+05 1.42e+05 9.37e+06  -1.0 2.22e+03   1.2 1.07e-01 1.55e-02f  1
  45  2.9965622e+05 1.70e+05 8.52e+06  -1.0 5.03e+03   0.7 1.21e-01 9.08e-02f  1
  46  2.9898152e+05 1.69e+05 8.46e+06  -1.0 2.45e+03   2.0 3.25e-01 3.53e-03f  1
  47  2.9890721e+05 1.63e+05 8.15e+06  -1.0 5.24e+03   1.5 8.35e-02 3.77e-02f  1
  48  2.9856800e+05 1.63e+05 8.12e+06  -1.0 6.75e+02   1.1 3.82e-01 2.66e-03f  1
  49  2.9856434e+05 1.63e+05 8.12e+06  -1.0 6.69e+02   0.6 1.40e-02 2.72e-05f  1
iter    objective    inf_pr   inf_du lg(mu)  ||d||  lg(rg) alpha_du alpha_pr  ls
  50  2.9847280e+05 1.63e+05 8.12e+06  -1.0 4.01e+03   1.0 7.45e-05 2.43e-04f  1
  51  2.9827603e+05 1.63e+05 8.10e+06  -1.0 6.94e+03   0.5 2.73e-02 6.20e-04f  1
  52  2.7909369e+05 1.76e+05 7.73e+06  -1.0 4.14e+03   1.0 2.62e-03 5.15e-02f  1
  53  2.6746666e+05 1.73e+05 7.48e+06  -1.0 2.40e+03   0.5 1.83e-02 3.34e-02f  1
  54  2.6727907e+05 1.73e+05 7.56e+06  -1.0 2.29e+03   0.9 3.00e-01 5.32e-04f  1
  55  2.6726882e+05 1.73e+05 7.59e+06  -1.0 2.61e+03   0.4 5.84e-02 3.03e-05f  1
  56  2.5715938e+05 1.68e+05 7.69e+06  -1.0 2.74e+03   0.9 6.43e-01 2.95e-02f  1
  57  2.4549909e+05 1.62e+05 7.49e+06  -1.0 2.78e+03   0.4 8.00e-02 3.21e-02f  1
  58  2.4527539e+05 1.62e+05 7.99e+06  -1.0 2.76e+03   0.8 4.02e-01 6.17e-04f  1
  59  2.3659275e+05 1.58e+05 7.83e+06  -1.0 2.72e+03   0.3 5.03e-02 2.46e-02f  1
iter    objective    inf_pr   inf_du lg(mu)  ||d||  lg(rg) alpha_du alpha_pr  ls
  60  2.3650938e+05 1.58e+05 1.22e+07  -1.0 2.66e+03   1.7 7.74e-01 2.37e-04f  1
  61  2.1616980e+05 1.48e+05 1.06e+07  -1.0 2.56e+03   1.2 1.99e-01 5.53e-02f  1
  62  2.1601631e+05 1.48e+05 1.36e+07  -1.0 2.53e+03   1.6 6.22e-01 4.41e-04f  1
  63  1.9876091e+05 1.41e+05 1.37e+07  -1.0 2.37e+03   1.1 1.06e-01 4.57e-02f  1
  64  1.9579099e+05 1.40e+05 2.74e+07  -1.0 2.38e+03   1.5 1.00e+00 8.15e-03f  1
  65  1.8687546e+05 1.37e+05 2.64e+07  -1.0 2.51e+03   1.1 1.30e-02 2.28e-02f  1
  66  1.8679801e+05 1.37e+05 5.05e+07  -1.0 2.51e+03   1.5 5.79e-01 2.17e-04f  1
  67  1.8685058e+05 1.37e+05 5.27e+07  -1.0 2.61e+04   1.0 2.07e-02 2.16e-04h  1
  68  1.9806060e+05 1.33e+05 4.98e+07  -1.0 3.51e+04   0.5 1.45e-02 2.66e-02h  1
  69  1.9818117e+05 1.33e+05 5.73e+07  -1.0 2.43e+04   1.0 9.42e-02 5.25e-04h  1
iter    objective    inf_pr   inf_du lg(mu)  ||d||  lg(rg) alpha_du alpha_pr  ls
  70  2.0518190e+05 1.29e+05 6.04e+07  -1.0 2.44e+04   0.5 9.48e-02 3.06e-02h  1
  71  2.0520972e+05 1.29e+05 7.95e+07  -1.0 1.93e+04   0.9 1.55e-01 1.81e-04h  1
  72  2.0522517e+05 1.29e+05 7.80e+07  -1.0 1.06e+05   0.4 1.77e-05 3.95e-04h  1
  73  2.0522573e+05 1.29e+05 7.80e+07  -1.0 3.11e+04   0.9 6.83e-10 8.27e-07f  4
  74  2.0685037e+05 1.33e+05 7.61e+07  -1.0 4.72e+04   0.4 5.18e-07 1.47e-03h  5
  75  2.1199941e+05 1.41e+05 7.41e+07  -1.0 6.06e+04   0.8 3.36e-03 5.08e-03h  4
  76  2.2972084e+05 1.67e+05 6.55e+07  -1.0 3.98e+04   0.3 2.90e-02 3.26e-02h  2
  77  2.3992220e+05 1.66e+05 9.08e+07  -1.0 1.96e+04   0.8 1.80e-01 5.76e-02h  1
  78  2.3997215e+05 1.65e+05 1.66e+08  -1.0 1.38e+04   0.3 2.40e-01 7.66e-04h  1
  79r 2.3997215e+05 1.65e+05 1.00e+03   3.9 0.00e+00   0.7 0.00e+00 4.80e-07R  5
iter    objective    inf_pr   inf_du lg(mu)  ||d||  lg(rg) alpha_du alpha_pr  ls
  80r 2.2885409e+05 6.25e+04 1.38e+05   3.9 6.29e+06    -  8.27e-03 1.29e-03f  1
  81  2.2882650e+05 6.25e+04 7.03e+01  -1.0 1.24e+03    -  2.20e-02 3.03e-04f  1
  82  2.2883430e+05 6.24e+04 5.67e+01  -1.0 1.03e+04    -  6.23e-04 1.40e-03h  1
  83  2.2883064e+05 6.24e+04 1.93e+03  -1.0 2.34e+03    -  2.74e-03 3.85e-05f  1
  84  2.2881987e+05 6.24e+04 4.28e+03  -1.0 4.60e+03    -  1.05e-04 4.68e-05f  1
  85r 2.2881987e+05 6.24e+04 1.00e+03   3.5 0.00e+00    -  0.00e+00 3.00e-07R  4
  86r 2.1527583e+05 5.55e+04 4.54e+04   3.5 1.29e+06    -  5.10e-03 1.20e-03f  1
  87  2.1526302e+05 5.55e+04 4.03e+02  -1.0 5.04e+03    -  3.25e-02 7.98e-05f  1
  88  2.1524380e+05 5.54e+04 5.49e+03  -1.0 2.94e+03    -  1.00e-03 6.54e-05f  1
  89  2.1523096e+05 5.54e+04 2.45e+06  -1.0 8.00e+03    -  9.02e-03 2.11e-05f  1
iter    objective    inf_pr   inf_du lg(mu)  ||d||  lg(rg) alpha_du alpha_pr  ls
  90r 2.1523096e+05 5.54e+04 1.00e+03   3.4 0.00e+00    -  0.00e+00 3.68e-07R  3
  91r 2.0572837e+05 5.18e+04 1.01e+05   3.4 4.46e+05    -  5.98e-03 1.41e-03f  1
  92r 1.8259159e+05 4.18e+04 2.43e+05   2.7 1.71e+05    -  9.07e-03 6.21e-03f  1
  93r 1.4449728e+05 2.29e+04 2.07e+05   2.7 1.02e+05    -  4.05e-02 1.19e-02f  1
  94  1.4439186e+05 2.29e+04 5.74e+01  -1.0 5.42e+03    -  3.64e-02 8.16e-04f  1
  95  1.4433675e+05 2.29e+04 1.11e+02  -1.0 3.50e+03    -  1.53e-03 4.04e-04f  1
  96  1.4431155e+05 2.29e+04 4.64e+03  -1.0 5.37e+03    -  6.31e-03 1.56e-04f  1
  97  1.4430246e+05 2.29e+04 6.08e+05  -1.0 5.65e+03    -  6.17e-03 4.79e-05f  1
  98r 1.4430246e+05 2.29e+04 1.00e+03   3.2 0.00e+00    -  0.00e+00 4.37e-07R  3
  99r 1.3933619e+05 2.13e+04 1.77e+06   3.2 1.35e+05    -  8.04e-02 3.22e-03f  1
iter    objective    inf_pr   inf_du lg(mu)  ||d||  lg(rg) alpha_du alpha_pr  ls
 100r 1.0077682e+05 7.61e+03 2.64e+05   3.2 2.69e+04    -  4.32e-02 3.89e-02f  1
 101  9.9747455e+04 7.54e+03 3.83e+01  -1.0 5.37e+03    -  1.65e-02 9.53e-03f  1
 102  9.9397025e+04 7.52e+03 3.81e+01  -1.0 4.50e+03    -  2.99e-02 3.45e-03f  1
 103  9.9015593e+04 7.49e+03 3.80e+01  -1.0 3.21e+03    -  7.42e-03 3.77e-03f  1
 104  9.9009912e+04 7.49e+03 1.62e+02  -1.0 3.27e+03    -  2.44e-02 5.51e-05f  1
 105  9.8931642e+04 7.48e+03 2.57e+03  -1.0 3.97e+03    -  1.52e-02 7.08e-04f  1
 106  9.8904235e+04 7.48e+03 2.53e+04  -1.0 4.74e+03    -  2.39e-03 2.43e-04f  1
 107r 9.8904235e+04 7.48e+03 1.00e+03   2.8 0.00e+00    -  0.00e+00 3.10e-07R  7
 108r 9.6522073e+04 7.06e+03 7.70e+05   2.8 8.51e+04    -  2.31e-01 2.62e-03f  1
 109r 6.6792656e+04 2.85e+03 1.86e+05   2.8 3.06e+04    -  7.06e-03 5.37e-02f  1
iter    objective    inf_pr   inf_du lg(mu)  ||d||  lg(rg) alpha_du alpha_pr  ls
 110  6.5561811e+04 2.82e+03 1.66e+02  -1.0 3.90e+03    -  2.97e-03 1.33e-02f  1
 111  6.5562997e+04 2.81e+03 1.71e+02  -1.0 1.54e+02   0.2 1.04e-03 9.85e-04h  1
 112  6.5565746e+04 2.81e+03 1.72e+02  -1.0 2.35e+02   0.7 3.00e-03 1.24e-04h  1
 113  6.5591706e+04 2.81e+03 1.53e+02  -1.0 2.85e+02   0.2 2.20e-04 9.05e-04h  1
 114  6.5620799e+04 2.81e+03 2.11e+02  -1.0 2.59e+02   0.6 3.84e-03 1.17e-03h  1
 115  6.5626148e+04 2.81e+03 2.12e+02  -1.0 4.37e+02   0.1 1.08e-03 2.38e-04h  1
 116r 6.5626148e+04 2.81e+03 9.99e+02   2.6 0.00e+00   0.6 0.00e+00 4.84e-07R  4
 117r 6.2172237e+04 2.50e+03 1.96e+05   2.6 2.74e+04    -  1.15e-01 6.62e-03f  1
 118r 5.4198550e+04 1.81e+03 1.27e+05   2.6 2.45e+04    -  1.12e-02 2.61e-02f  1
 119  5.4007853e+04 1.81e+03 3.88e+01  -1.0 5.09e+03    -  4.17e-03 1.26e-03f  1
iter    objective    inf_pr   inf_du lg(mu)  ||d||  lg(rg) alpha_du alpha_pr  ls
 120  5.3982422e+04 1.80e+03 3.98e+01  -1.0 4.09e+03    -  1.33e-02 2.40e-04f  1
 121  5.3801152e+04 1.80e+03 4.11e+01  -1.0 3.54e+03    -  1.19e-02 2.01e-03f  1
 122  5.3770438e+04 1.80e+03 4.24e+01  -1.0 4.87e+03    -  3.83e-03 2.72e-04f  1
 123  5.3764877e+04 1.80e+03 4.33e+02  -1.0 5.16e+03    -  6.32e-03 4.65e-05f  1
 124  5.2626795e+04 1.77e+03 2.95e+03  -1.0 2.38e+03    -  2.12e-02 1.69e-02f  1
 125  5.2174983e+04 1.76e+03 7.92e+03  -1.0 2.20e+03    -  2.22e-02 7.50e-03f  1
 126  5.1630147e+04 1.74e+03 1.30e+04  -1.0 2.01e+03    -  2.70e-02 1.03e-02f  1
 127  5.1562562e+04 1.74e+03 1.64e+04  -1.0 2.17e+03    -  9.04e-03 1.31e-03f  1
 128  4.8675356e+04 1.63e+03 5.41e+03  -1.0 1.94e+03    -  7.75e-03 6.34e-02f  1
 129  4.7138949e+04 1.55e+03 1.06e+04  -1.0 1.55e+03    -  3.79e-02 4.93e-02f  1
iter    objective    inf_pr   inf_du lg(mu)  ||d||  lg(rg) alpha_du alpha_pr  ls
 130  4.7062742e+04 1.54e+03 1.20e+04  -1.0 1.15e+03    -  7.32e-04 3.72e-03f  1
 131  4.7055171e+04 1.54e+03 3.06e+03  -1.0 1.39e+03    -  1.44e-02 3.17e-04f  1
 132  4.6267403e+04 1.49e+03 2.77e+04  -1.0 1.35e+03    -  8.52e-03 3.50e-02f  1
 133  4.5883429e+04 1.45e+03 3.76e+04  -1.0 9.64e+02    -  1.59e-02 2.47e-02f  1
 134  4.5743186e+04 1.44e+03 2.46e+04  -1.0 7.80e+02    -  1.93e-02 1.20e-02f  1
 135  4.5615743e+04 1.41e+03 3.59e+04  -1.0 4.10e+02    -  8.05e-03 1.72e-02f  1
 136  4.5586846e+04 1.41e+03 1.16e+04  -1.0 3.25e+02    -  2.00e-02 4.60e-03f  1
 137  4.5586219e+04 1.41e+03 1.35e+04  -1.0 7.69e+02    -  5.90e-03 7.19e-05f  1
 138  4.5563768e+04 1.40e+03 4.29e+04  -1.0 1.60e+03    -  4.90e-03 1.38e-03f  1
 139  4.5563338e+04 1.40e+03 9.39e+04  -1.0 1.55e+03    -  5.70e-03 3.93e-05h  1
iter    objective    inf_pr   inf_du lg(mu)  ||d||  lg(rg) alpha_du alpha_pr  ls
 140  4.5500174e+04 1.38e+03 7.61e+03  -1.0 1.56e+03    -  2.13e-03 1.33e-02f  1
 141  4.5553404e+04 1.38e+03 5.87e+03  -1.0 1.60e+03    -  4.76e-03 4.59e-03h  1
 142  4.5586027e+04 1.38e+03 2.70e+04  -1.0 1.39e+03    -  4.53e-03 2.12e-03h  1
 143  4.5604035e+04 1.37e+03 1.30e+05  -1.0 1.47e+03    -  7.85e-03 9.06e-04h  3
 144  4.5611082e+04 1.37e+03 2.52e+05  -1.0 2.20e+03    -  7.19e-03 3.19e-04h  5
 145  4.5620840e+04 1.37e+03 2.61e+05  -1.0 2.24e+03    -  7.97e-04 3.66e-04h  5
 146  4.5629536e+04 1.37e+03 3.11e+05  -1.0 2.46e+03    -  2.84e-03 3.07e-04h  5
 147  4.5645835e+04 1.37e+03 3.27e+05  -1.0 2.36e+03    -  1.33e-03 5.03e-04h  4
 148  4.5652983e+04 1.37e+03 5.39e+05  -1.0 2.77e+03    -  1.16e-02 2.25e-04h  5
 149  4.5667596e+04 1.37e+03 6.50e+05  -1.0 2.28e+03    -  3.80e-03 5.22e-04h  4
iter    objective    inf_pr   inf_du lg(mu)  ||d||  lg(rg) alpha_du alpha_pr  ls
 150  4.5680262e+04 1.37e+03 7.93e+05  -1.0 2.50e+03    -  4.12e-03 4.58e-04h  4
 151  4.5690728e+04 1.37e+03 9.53e+05  -1.0 2.62e+03    -  3.81e-03 3.82e-04h  4
 152  4.5699102e+04 1.37e+03 1.82e+06  -1.0 2.67e+03    -  1.56e-02 3.31e-04h  4
 153  4.5767695e+04 1.36e+03 1.47e+06  -1.0 2.08e+03    -  1.12e-03 3.76e-03w  1
 154  4.5786692e+04 1.36e+03 2.80e+06  -1.0 1.93e+03    -  8.77e-03 1.24e-03w  1
 155  4.5818683e+04 1.36e+03 2.10e+06  -1.0 1.89e+03    -  2.03e-03 3.86e-03w  1
 156  4.5716251e+04 1.37e+03 1.84e+06  -1.0 2.64e+03    -  1.12e-03 9.39e-04h  2
 157  4.5727801e+04 1.37e+03 2.98e+06  -1.0 2.32e+03    -  9.20e-03 6.23e-04h  3
 158  4.5742352e+04 1.37e+03 3.00e+06  -1.0 1.75e+03    -  1.30e-03 1.19e-03h  3
 159  4.5756227e+04 1.36e+03 4.43e+06  -1.0 1.86e+03    -  5.91e-03 1.16e-03h  3
iter    objective    inf_pr   inf_du lg(mu)  ||d||  lg(rg) alpha_du alpha_pr  ls
 160  4.5767989e+04 1.36e+03 4.86e+06  -1.0 1.84e+03    -  2.23e-03 1.37e-03h  3
 161  4.5776210e+04 1.36e+03 5.97e+06  -1.0 2.04e+03    -  2.66e-03 9.62e-04h  3
 162  4.5784920e+04 1.36e+03 6.52e+06  -1.0 2.12e+03    -  1.96e-03 1.36e-03h  2
 163  4.5791370e+04 1.36e+03 5.52e+06  -1.0 2.32e+03    -  2.05e-05 8.25e-04h  3
 164  4.5802702e+04 1.36e+03 5.20e+06  -1.0 2.52e+03    -  5.77e-04 8.39e-04h  2
 165  4.5814010e+04 1.36e+03 8.81e+06  -1.0 2.66e+03    -  3.57e-03 9.94e-04h  1
 166  4.5811512e+04 1.36e+03 1.19e+07  -1.0 2.40e+03    -  1.27e-03 2.47e-04f  1
 167  4.5782076e+04 1.35e+03 1.44e+07  -1.0 2.29e+03    -  2.43e-03 1.84e-03f  1
 168  4.5744979e+04 1.35e+03 7.53e+06  -1.0 2.32e+03    -  1.11e-03 1.76e-03f  1
 169  4.5727380e+04 1.35e+03 6.87e+06  -1.0 3.89e+03    -  3.52e-04 3.61e-04f  1
iter    objective    inf_pr   inf_du lg(mu)  ||d||  lg(rg) alpha_du alpha_pr  ls
 170  4.5705388e+04 1.35e+03 1.12e+08  -1.0 7.04e+03    -  3.96e-04 1.32e-04f  1
 171  4.5680572e+04 1.35e+03 1.35e+08  -1.0 3.28e+04    -  3.45e-05 3.01e-05f  1
 172  4.5666295e+04 1.35e+03 1.05e+08  -1.0 6.00e+04    -  2.12e-06 9.00e-06f  1
 173r 4.5666295e+04 1.35e+03 1.00e+03   2.2 0.00e+00    -  0.00e+00 3.82e-07R  3
 174r 4.5083131e+04 1.31e+03 6.39e+04   2.2 4.53e+04    -  1.79e-02 2.06e-03f  1
 175r 4.3542642e+04 1.21e+03 6.35e+04   2.2 2.34e+04    -  6.91e-03 6.90e-03f  1
 176  4.3525220e+04 1.21e+03 3.86e+01  -1.0 1.94e+03    -  1.23e-02 4.83e-04f  1
 177  4.3523148e+04 1.21e+03 2.06e+04  -1.0 2.21e+03    -  3.41e-02 5.08e-05f  1
 178r 4.3523148e+04 1.21e+03 1.00e+03   2.1 0.00e+00    -  0.00e+00 4.61e-07R  4
 179r 4.3008879e+04 1.18e+03 1.31e+03   2.1 2.42e+04    -  2.42e-04 1.40e-03f  1
iter    objective    inf_pr   inf_du lg(mu)  ||d||  lg(rg) alpha_du alpha_pr  ls
 180r 4.2696367e+04 1.16e+03 1.43e+03   1.4 2.44e+04    -  1.90e-03 1.37e-03f  1
 181r 4.0791982e+04 1.01e+03 1.06e+04   1.4 4.54e+04    -  1.89e-03 5.05e-03f  1
 182  4.0783253e+04 1.01e+03 2.74e+03  -1.0 7.19e+02    -  6.27e-03 4.43e-04f  1
 183  4.0771481e+04 1.01e+03 1.41e+05  -1.0 8.16e+02    -  4.94e-02 7.77e-04f  1
 184  4.0777504e+04 1.01e+03 1.69e+05  -1.0 1.80e+03    -  1.02e-03 1.27e-04h  1
 185  4.0806299e+04 1.01e+03 2.22e+05  -1.0 2.89e+03    -  1.60e-03 4.02e-04h  3
 186  4.0837474e+04 1.01e+03 2.49e+05  -1.0 4.44e+03    -  6.19e-04 3.00e-04h  3
 187  4.0855651e+04 1.01e+03 2.72e+05  -1.0 4.63e+03    -  3.56e-04 1.69e-04h  4
 188  4.0890271e+04 1.01e+03 2.35e+05  -1.0 3.91e+03    -  1.14e-04 3.70e-04h  3
 189  4.0916826e+04 1.01e+03 2.39e+05  -1.0 3.89e+03    -  2.96e-04 2.75e-04h  3
iter    objective    inf_pr   inf_du lg(mu)  ||d||  lg(rg) alpha_du alpha_pr  ls
 190  4.0956489e+04 1.01e+03 2.33e+05  -1.0 3.65e+03    -  3.96e-04 4.19e-04h  2
 191  4.0981346e+04 1.01e+03 2.54e+05  -1.0 3.21e+03    -  3.60e-04 3.04e-04h  2
 192  4.1033478e+04 1.01e+03 2.01e+05  -1.0 6.50e+03    -  7.60e-05 2.47e-04h  2
 193  4.1093197e+04 1.01e+03 2.32e+05  -1.0 6.26e+03    -  3.82e-04 3.01e-04h  1
 194  4.1115378e+04 1.01e+03 2.11e+05  -1.0 4.21e+03    -  1.71e-04 1.99e-04h  1
 195  4.1126805e+04 1.01e+03 1.30e+06  -1.0 2.80e+03    -  1.15e-03 2.20e-04h  1
 196  4.1117728e+04 1.01e+03 1.45e+06  -1.0 1.83e+03    -  3.30e-04 2.92e-04f  1
 197  4.1108481e+04 1.01e+03 1.80e+06  -1.0 2.36e+03    -  1.68e-04 1.39e-04f  1
 198  4.1098156e+04 1.01e+03 2.63e+06  -1.0 6.11e+03    -  1.19e-04 9.43e-05f  1
 199  4.1086949e+04 1.01e+03 9.56e+06  -1.0 9.69e+03    -  1.12e-04 5.48e-05f  1
iter    objective    inf_pr   inf_du lg(mu)  ||d||  lg(rg) alpha_du alpha_pr  ls
 200  4.1071979e+04 1.01e+03 1.70e+07  -1.0 2.13e+04    -  3.62e-05 2.70e-05h  1
 201  4.1069560e+04 1.01e+03 1.17e+08  -1.0 1.07e+05    -  5.85e-06 6.57e-07f  3
 202  4.1063654e+04 1.01e+03 2.84e+08  -1.0 2.66e+05    -  3.40e-06 9.82e-07f  2
 203r 4.1063654e+04 1.01e+03 1.00e+03   2.0 0.00e+00   8.4 0.00e+00 4.03e-07R  4
 204r 3.9953726e+04 9.75e+02 6.34e+04   2.0 2.14e+04    -  1.68e-02 6.16e-03f  1
 205r 3.8190091e+04 9.90e+02 6.66e+04   2.0 1.57e+04    -  4.51e-02 1.08e-02f  1
 206  3.8175500e+04 9.89e+02 3.86e+01  -1.0 7.38e+02    -  3.89e-03 7.03e-04f  1
 207  3.8173491e+04 9.89e+02 1.74e+03  -1.0 7.37e+02    -  2.02e-02 9.72e-05f  1
 208  3.8170972e+04 9.89e+02 1.69e+05  -1.0 9.09e+02    -  3.56e-02 1.59e-04f  1
 209  3.8160057e+04 9.89e+02 2.92e+05  -1.0 1.39e+03    -  1.97e-03 5.04e-04f  1
iter    objective    inf_pr   inf_du lg(mu)  ||d||  lg(rg) alpha_du alpha_pr  ls
 210  3.8154562e+04 9.88e+02 1.09e+06  -1.0 1.27e+03    -  2.47e-03 2.47e-04f  1
 211  3.8153411e+04 9.88e+02 1.13e+07  -1.0 6.48e+03    -  9.49e-04 3.08e-05h  1
 212  3.8138852e+04 9.88e+02 8.63e+06  -1.0 3.56e+04    -  6.68e-05 9.18e-05h  1
 213  3.8131752e+04 9.88e+02 2.79e+06  -1.0 2.13e+04    -  4.76e-05 1.29e-04h  1
 214r 3.8131752e+04 9.88e+02 1.00e+03   2.0 0.00e+00    -  0.00e+00 3.91e-07R  4
 215r 3.7716977e+04 1.01e+03 7.35e+04   2.0 2.03e+04    -  1.94e-02 2.16e-03f  1
 216r 3.5404370e+04 1.07e+03 9.45e+04   2.0 6.70e+03    -  7.76e-02 1.45e-02f  1
 217r 3.0672455e+04 8.22e+02 1.05e+05   2.0 4.32e+03    -  8.34e-02 4.03e-02f  1
 218r 2.9621369e+04 7.71e+02 1.22e+05   2.0 2.49e+03    -  1.08e-01 1.70e-02f  1
 219r 2.9603537e+04 7.67e+02 1.16e+05   2.0 3.15e+00   4.0 9.49e-02 2.07e-01f  1
iter    objective    inf_pr   inf_du lg(mu)  ||d||  lg(rg) alpha_du alpha_pr  ls
 220r 2.9579772e+04 7.58e+02 9.96e+04   2.0 2.63e+00   3.5 1.88e-01 4.38e-01f  1
 221r 2.9495681e+04 7.49e+02 5.63e+04   2.0 1.59e+00   3.0 4.31e-01 7.17e-01f  1
 222r 2.9456216e+04 7.43e+02 3.71e+04   2.0 2.62e+00   2.6 4.85e-01 4.16e-01f  1
 223r 2.9486319e+04 7.38e+02 2.95e+04   2.0 1.35e+01   2.1 9.57e-02 1.97e-01f  1
 224r 2.9510605e+04 7.32e+02 3.08e+04   2.0 3.79e+01   1.6 2.30e-01 5.28e-02f  1
 225r 2.9537558e+04 7.23e+02 2.98e+04   2.0 5.20e+00   2.0 1.00e+00 2.60e-01f  1
 226r 2.9544031e+04 6.97e+02 2.65e+04   2.0 4.73e+01   1.6 3.78e-01 1.67e-01f  1
 227r 2.9542479e+04 6.97e+02 1.31e+06   2.0 1.94e-01   4.7 5.66e-01 8.91e-01f  1
 228r 2.9541740e+04 6.98e+02 1.79e+06   2.0 1.21e-01   6.0 2.76e-01 1.00e+00f  1
 229r 2.9541762e+04 6.98e+02 2.00e+06   2.0 8.33e-02   6.5 4.52e-02 1.72e-01f  3
iter    objective    inf_pr   inf_du lg(mu)  ||d||  lg(rg) alpha_du alpha_pr  ls
 230r 2.9541796e+04 6.98e+02 2.19e+06   2.0 7.29e-02   6.9 1.10e-01 2.96e-01h  2
 231r 2.9541816e+04 6.98e+02 1.81e+06   2.0 9.65e-02   7.3 1.00e+00 5.70e-01h  1
 232r 2.9541734e+04 6.98e+02 1.83e+06   2.0 9.61e-02   7.7 2.82e-01 1.00e+00f  1
 233r 2.9541703e+04 6.98e+02 2.55e+05   2.0 1.03e-02   7.3 1.00e+00 1.00e+00f  1
 234r 2.9541700e+04 6.98e+02 3.15e+03   2.0 5.27e-04   6.8 1.00e+00 1.00e+00f  1
 235r 2.9541696e+04 6.98e+02 9.43e+02   1.3 4.72e-04   6.3 1.00e+00 1.00e+00f  1
 236r 2.9541686e+04 6.98e+02 9.48e+02   1.3 1.43e-03   5.8 1.00e+00 1.00e+00f  1
 237r 2.9541637e+04 6.98e+02 9.47e+02   1.3 4.27e-03   5.3 1.00e+00 1.00e+00f  1
 238r 2.9541279e+04 6.98e+02 9.42e+02   1.3 1.27e-02   4.9 1.00e+00 1.00e+00f  1
 239r 2.9538096e+04 6.97e+02 9.24e+02   1.3 3.75e-02   4.4 1.00e+00 1.00e+00f  1
iter    objective    inf_pr   inf_du lg(mu)  ||d||  lg(rg) alpha_du alpha_pr  ls
 240r 2.9521383e+04 6.97e+02 1.45e+03   1.3 1.27e-01   3.9 1.00e+00 7.39e-01f  1
 241r 2.9513452e+04 6.97e+02 1.27e+03   1.3 5.05e-02   4.3 1.00e+00 1.00e+00f  1
 242r 2.9501839e+04 6.96e+02 2.26e+04   1.3 1.91e-01   3.9 1.00e+00 5.75e-01f  1
 243r 2.9494781e+04 6.96e+02 1.95e+04   1.3 6.04e-02   4.3 1.00e+00 1.00e+00f  1
 244r 2.9489116e+04 6.96e+02 2.71e+04   1.3 1.36e-01   3.8 4.37e-01 3.18e-01f  1
 245r 2.9485022e+04 6.96e+02 9.44e+05   1.3 1.13e-01   4.2 4.60e-01 6.40e-01f  1
 246r 2.9484984e+04 6.96e+02 1.18e+06   1.3 7.53e-02   5.6 2.20e-02 1.79e-01h  1
 247r 2.9484989e+04 6.96e+02 1.21e+06   1.3 1.40e-01   6.0 2.16e-01 4.56e-02h  1
 248r 2.9484981e+04 6.96e+02 1.29e+06   1.3 3.95e-02   6.4 1.16e-01 3.20e-01h  1
 249r 2.9484977e+04 6.96e+02 1.18e+06   1.3 2.44e-02   6.8 9.92e-01 2.65e-01h  1
iter    objective    inf_pr   inf_du lg(mu)  ||d||  lg(rg) alpha_du alpha_pr  ls
 250r 2.9484960e+04 6.96e+02 8.12e+05   1.3 1.88e-02   7.3 2.83e-01 1.00e+00f  1
 251r 2.9484968e+04 6.96e+02 3.30e+05   1.3 3.32e-02   6.8 1.00e+00 1.00e+00h  1
 252r 2.9484929e+04 6.96e+02 5.42e+04   1.3 3.58e-02   6.3 8.53e-01 1.00e+00f  1
 253r 2.9484759e+04 6.96e+02 1.21e+03   1.3 3.54e-03   5.8 1.00e+00 1.00e+00f  1
 254r 2.9484251e+04 6.96e+02 3.14e+03   1.3 1.24e-02   5.4 1.00e+00 1.00e+00f  1
 255r 2.9482684e+04 6.96e+02 2.62e+03   1.3 1.32e-02   4.9 1.00e+00 1.00e+00f  1
 256r 2.9478439e+04 6.96e+02 3.32e+05   1.3 3.11e-02   4.4 1.00e+00 9.13e-01f  1
 257r 2.9477905e+04 6.96e+02 2.41e+05   1.3 2.15e-02   4.8 9.33e-01 4.70e-01f  2
 258r 2.9472841e+04 6.95e+02 3.25e+04   1.3 3.07e-02   4.4 1.00e+00 1.00e+00f  1
 259r 2.9470571e+04 6.95e+02 1.34e+05   1.3 8.97e-02   3.9 1.00e+00 1.61e-01f  1
iter    objective    inf_pr   inf_du lg(mu)  ||d||  lg(rg) alpha_du alpha_pr  ls
 260r 2.9455409e+04 6.94e+02 2.68e+05   1.3 2.28e-01   3.4 1.00e+00 4.47e-01f  1
 261r 2.9455097e+04 6.94e+02 2.47e+04   1.3 3.56e-01   3.8 9.73e-02 2.90e-02f  2
 262r 2.9453307e+04 6.94e+02 2.33e+05   1.3 6.00e-02   4.3 9.24e-01 3.93e-01f  1
 263r 2.9453053e+04 6.94e+02 4.85e+05   1.3 1.16e-02   5.6 2.87e-01 1.00e+00f  1
 264r 2.9452960e+04 6.94e+02 2.96e+05   1.3 9.08e-03   6.0 2.27e-01 1.00e+00f  1
 265r 2.9452960e+04 6.94e+02 2.39e+05   1.3 1.57e-01   5.5 8.46e-02 8.16e-03h  4
 266r 2.9452865e+04 6.94e+02 9.70e+04   1.3 6.13e-03   6.0 1.00e+00 1.00e+00h  1
 267r 2.9452847e+04 6.94e+02 9.65e+04   1.3 3.99e-02   5.5 2.58e-01 7.50e-02h  4
 268r 2.9452736e+04 6.94e+02 2.45e+04   1.3 4.43e-03   5.9 1.00e+00 1.00e+00f  1
 269r 2.9452391e+04 6.94e+02 3.47e+03   1.3 2.65e-03   5.4 1.00e+00 1.00e+00f  1
iter    objective    inf_pr   inf_du lg(mu)  ||d||  lg(rg) alpha_du alpha_pr  ls
 270r 2.9451366e+04 6.94e+02 5.61e+03   1.3 7.00e-03   5.0 1.00e+00 1.00e+00f  1
 271r 2.9448384e+04 6.94e+02 6.06e+03   1.3 2.10e-02   4.5 1.00e+00 1.00e+00f  1
 272r 2.9440184e+04 6.94e+02 3.38e+03   1.3 6.01e-02   4.0 1.00e+00 1.00e+00f  1
 273r 2.9436000e+04 6.93e+02 7.31e+04   1.3 2.12e-01   3.5 1.00e+00 1.95e-01f  1
 274r 2.9435932e+04 6.93e+02 8.26e+04   1.3 5.80e-01   3.9 8.23e-03 1.42e-02f  2
 275r 2.9435906e+04 6.93e+02 4.48e+05   1.3 2.26e-01   4.4 2.50e-01 1.35e-02f  3
 276r 2.9427168e+04 6.93e+02 2.23e+05   1.3 7.38e-02   3.9 3.31e-01 1.00e+00f  1
 277r 2.9426766e+04 6.93e+02 1.73e+04   1.3 3.46e-03   5.2 1.00e+00 1.00e+00f  1
 278r 2.9425519e+04 6.93e+02 1.07e+04   1.3 1.21e-02   4.7 1.00e+00 1.00e+00f  1
 279r 2.9421918e+04 6.92e+02 5.37e+04   1.3 3.11e-02   4.3 1.00e+00 1.00e+00f  1
iter    objective    inf_pr   inf_du lg(mu)  ||d||  lg(rg) alpha_du alpha_pr  ls
 280r 2.9420602e+04 6.92e+02 9.78e+03   1.3 1.17e-02   4.7 1.00e+00 1.00e+00f  1
 281r 2.9416859e+04 6.92e+02 5.43e+05   1.3 3.51e-02   4.2 1.00e+00 9.64e-01f  1
 282r 2.9416762e+04 6.92e+02 5.64e+05   1.3 5.09e-02   4.6 3.89e-02 9.29e-02f  2
 283r 2.9416702e+04 6.92e+02 7.34e+04   1.3 1.77e-03   6.0 1.00e+00 1.00e+00f  1
 284r 2.9416497e+04 6.92e+02 3.68e+04   1.3 2.42e-03   5.5 6.91e-01 1.00e+00f  1
 285r 2.9415888e+04 6.92e+02 1.88e+04   1.3 5.56e-03   5.0 1.00e+00 1.00e+00f  1
 286r 2.9414089e+04 6.92e+02 1.26e+05   1.3 1.67e-02   4.5 1.00e+00 1.00e+00f  1
 287r 2.9408974e+04 6.91e+02 4.32e+05   1.3 5.03e-02   4.1 1.00e+00 1.00e+00f  1
 288r 2.9405341e+04 6.91e+02 4.30e+05   1.3 1.52e-01   3.6 1.00e+00 2.74e-01f  1
 289r 2.9387415e+04 6.89e+02 1.69e+05   1.3 4.61e-01   3.1 1.00e+00 5.67e-01f  1
iter    objective    inf_pr   inf_du lg(mu)  ||d||  lg(rg) alpha_du alpha_pr  ls
 290r 2.9345336e+04 6.81e+02 2.23e+05   1.3 1.43e+00   2.6 1.00e+00 7.44e-01f  1
 291r 2.9339395e+04 6.70e+02 1.94e+05   1.3 4.78e+00   2.2 1.00e+00 3.62e-01f  1
 292r 2.9420180e+04 6.33e+02 1.75e+05   1.3 1.98e+01   1.7 9.72e-01 3.42e-01f  1
 293r 2.9425830e+04 4.95e+02 1.73e+05   1.3 2.91e+02   1.2 1.39e-01 7.57e-02f  1
 294r 2.9451033e+04 4.63e+02 1.70e+05   1.3 1.77e+01   1.6 1.00e+00 2.04e-01f  1
 295r 2.9463312e+04 4.57e+02 2.07e+05   1.3 3.14e+01   1.2 4.91e-01 1.81e-02f  1
 296r 3.0089387e+04 4.40e+02 1.78e+05   1.3 2.79e+01   0.7 3.13e-01 1.89e-01f  1
 297r 3.0204666e+04 4.37e+02 1.71e+05   1.3 5.24e+02    -  9.51e-02 3.04e-02f  1
 298r 3.0646544e+04 4.47e+02 2.18e+05   1.3 3.88e+02    -  1.86e-01 4.72e-02f  1
 299r 3.2479331e+04 4.84e+02 9.81e+04   1.3 1.26e+02    -  4.38e-03 2.43e-01f  1
iter    objective    inf_pr   inf_du lg(mu)  ||d||  lg(rg) alpha_du alpha_pr  ls
 300r 3.2483943e+04 4.83e+02 8.37e+04   1.3 4.83e+01   0.2 1.64e-01 1.34e-01f  1
 301r 3.2598755e+04 4.76e+02 7.33e+04   1.3 3.83e+01   0.6 5.83e-02 1.00e-01f  1
 302  3.2593291e+04 4.76e+02 3.86e+01  -1.0 1.18e+03    -  1.57e-03 1.57e-04f  1
 303  3.2592495e+04 4.76e+02 2.89e+04  -1.0 4.11e+02    -  4.73e-02 5.28e-05f  1
 304  3.2601449e+04 4.75e+02 3.89e+04  -1.0 5.75e+02    -  7.66e-03 7.32e-04h  1
 305  3.2605638e+04 4.75e+02 6.64e+04  -1.0 8.82e+02    -  8.52e-03 7.44e-04h  1
 306  3.2606777e+04 4.75e+02 7.65e+04  -1.0 1.27e+03    -  1.89e-03 4.62e-04h  4
 307  3.2608231e+04 4.75e+02 7.81e+04  -1.0 1.17e+03    -  4.45e-04 2.32e-04h  1
 308  3.2609870e+04 4.74e+02 1.73e+05  -1.0 1.21e+03    -  1.27e-02 3.62e-04h  5
 309  3.2613017e+04 4.74e+02 2.90e+05  -1.0 1.36e+03    -  9.59e-03 2.09e-04h  6
iter    objective    inf_pr   inf_du lg(mu)  ||d||  lg(rg) alpha_du alpha_pr  ls
 310  3.2615264e+04 4.74e+02 4.86e+05  -1.0 1.96e+03    -  1.11e-02 1.06e-04h  7
 311  3.2617086e+04 4.74e+02 7.59e+05  -1.0 2.37e+03    -  9.91e-03 7.80e-05h  8
 312  3.2619172e+04 4.74e+02 1.22e+06  -1.0 2.46e+03    -  1.09e-02 9.28e-05h  8
 313  3.2621427e+04 4.74e+02 2.95e+06  -1.0 2.52e+03    -  2.52e-02 1.04e-04h  8
 314  3.2623679e+04 4.74e+02 6.42e+06  -1.0 2.49e+03    -  2.11e-02 1.11e-04h  8
 315  3.2625943e+04 4.74e+02 1.48e+07  -1.0 2.48e+03    -  2.35e-02 1.16e-04h  8
 316  3.2628196e+04 4.74e+02 3.00e+07  -1.0 2.46e+03    -  1.86e-02 1.20e-04h  8
 317  3.2630453e+04 4.74e+02 5.24e+07  -1.0 2.45e+03    -  1.36e-02 1.24e-04h  8
 318  3.2915732e+04 4.66e+02 6.83e+07  -1.0 2.44e+03    -  2.20e-02 1.62e-02w  1
 319  3.2915703e+04 4.66e+02 4.08e+07  -1.0 6.17e+01   7.9 4.52e-06 5.93e-06w  1
iter    objective    inf_pr   inf_du lg(mu)  ||d||  lg(rg) alpha_du alpha_pr  ls
 320  3.2915590e+04 4.66e+02 9.49e+07  -1.0 6.91e+01   7.5 3.48e-06 2.21e-05w  1
 321  3.2632682e+04 4.74e+02 1.15e+08  -1.0 7.59e+01   7.0 2.20e-02 1.27e-04h  7
 322  3.2634828e+04 4.74e+02 1.75e+08  -1.0 2.39e+03    -  9.56e-03 1.28e-04h  8
 323  3.2636893e+04 4.74e+02 3.89e+08  -1.0 2.39e+03    -  2.24e-02 1.27e-04h  8
 324  3.2638705e+04 4.74e+02 5.24e+08  -1.0 2.33e+03    -  6.41e-03 1.18e-04h  8
 325  3.2641111e+04 4.74e+02 8.34e+08  -1.0 2.34e+03    -  1.10e-02 1.61e-04h  7
 326  3.2642511e+04 4.74e+02 1.18e+09  -1.0 2.32e+03    -  7.60e-03 9.79e-05h  7
 327  3.2645165e+04 4.73e+02 2.14e+09  -1.0 2.29e+03    -  1.53e-02 1.91e-04h  6
 328  3.2647698e+04 4.73e+02 3.01e+09  -1.0 2.25e+03    -  7.55e-03 1.92e-04h  6
 329  3.2650268e+04 4.73e+02 1.48e+10  -1.0 2.24e+03    -  7.23e-02 2.03e-04h  6
iter    objective    inf_pr   inf_du lg(mu)  ||d||  lg(rg) alpha_du alpha_pr  ls
 330  3.2652880e+04 4.73e+02 1.74e+10  -1.0 2.12e+03    -  3.47e-03 2.26e-04h  5
 331  3.2698178e+04 4.71e+02 1.98e+10  -1.0 2.14e+03    -  6.66e-03 4.06e-03w  1
 332  3.2711661e+04 4.67e+02 1.88e+10  -1.0 2.24e+03    -  8.35e-03 9.38e-03w  1
 333  3.2702209e+04 4.67e+02 6.67e+09  -1.0 1.49e+03    -  1.48e-01 6.55e-04w  1
 334  3.2654296e+04 4.73e+02 2.36e+10  -1.0 1.22e+03    -  6.66e-03 1.27e-04h  5
 335  3.2656087e+04 4.73e+02 3.54e+10  -1.0 2.13e+03    -  9.32e-03 1.66e-04h  6
 336  3.2658664e+04 4.73e+02 3.89e+10  -1.0 2.10e+03    -  2.03e-03 2.49e-04h  5
 337  3.2660516e+04 4.73e+02 2.98e+11  -1.0 2.12e+03    -  1.23e-01 1.88e-04h  6
 338  3.2663303e+04 4.73e+02 3.22e+11  -1.0 1.96e+03    -  1.74e-03 3.06e-04h  4
 339  3.2665689e+04 4.73e+02 5.69e+11  -1.0 1.98e+03    -  1.41e-02 2.77e-04h  6
iter    objective    inf_pr   inf_du lg(mu)  ||d||  lg(rg) alpha_du alpha_pr  ls
 340  3.2667197e+04 4.72e+02 9.98e+11  -1.0 1.96e+03    -  1.38e-02 1.88e-04h  7
 341  3.2669637e+04 4.72e+02 1.74e+12  -1.0 1.93e+03    -  1.37e-02 3.21e-04h  6
 342  3.2672134e+04 4.72e+02 2.99e+12  -1.0 1.91e+03    -  1.33e-02 3.58e-04h  6
 343  3.2673266e+04 4.72e+02 6.47e+12  -1.0 1.59e+03    -  2.58e-02 3.98e-04h  6
 344  3.2673636e+04 4.68e+02 9.85e+12  -1.0 1.73e+03    -  3.32e-02 9.15e-03w  1
 345  3.2653019e+04 4.67e+02 1.59e+13  -1.0 1.28e+03    -  4.48e-02 1.90e-03w  1
 346  3.2617251e+04 4.65e+02 2.10e+13  -1.0 1.12e+03    -  3.94e-02 2.95e-03w  1
 347  3.2673278e+04 4.72e+02 1.12e+13  -1.0 8.92e+02    -  3.32e-02 2.86e-04h  5
 348  3.2672964e+04 4.72e+02 1.99e+13  -1.0 1.78e+03    -  6.26e-02 2.90e-04f  6
 349  3.2672543e+04 4.72e+02 4.68e+13  -1.0 1.77e+03    -  2.06e-01 3.27e-04f  6
iter    objective    inf_pr   inf_du lg(mu)  ||d||  lg(rg) alpha_du alpha_pr  ls
 350  3.2671880e+04 4.71e+02 8.21e+13  -1.0 1.64e+03    -  3.22e-01 3.96e-04f  6
 351  3.2669470e+04 4.71e+02 1.44e+14  -1.0 1.23e+03    -  6.40e-01 7.10e-04f  5
 352  3.2666838e+04 4.71e+02 1.46e+14  -1.0 1.21e+03    -  6.37e-02 7.01e-04f  5
 353  3.2621039e+04 4.65e+02 1.60e+14  -1.0 1.24e+03    -  6.40e-01 1.12e-02f  1
 354  3.2577632e+04 4.63e+02 1.66e+14  -1.0 2.00e+03    -  1.10e-01 4.69e-03f  1
 355  3.2519765e+04 4.62e+02 1.79e+14  -1.0 9.54e+02    -  4.47e-02 3.10e-03f  1
 356  3.2438295e+04 4.60e+02 1.84e+14  -1.0 7.13e+02    -  1.12e-02 3.20e-03f  1
 357  3.2392768e+04 4.60e+02 2.07e+14  -1.0 1.15e+04   7.4 5.19e-05 2.23e-04f  1
 358  3.2392047e+04 4.60e+02 2.36e+14  -1.0 2.72e+02  11.4 6.64e-03 7.81e-05f  1
 359  3.2391442e+04 4.60e+02 2.85e+14  -1.0 3.05e+02  11.0 8.83e-04 6.30e-05f  1
iter    objective    inf_pr   inf_du lg(mu)  ||d||  lg(rg) alpha_du alpha_pr  ls
 360  3.2391569e+04 4.60e+02 1.85e+15  -1.0 6.14e+02  11.4 1.10e-03 1.60e-05h  1
 361r 3.2391569e+04 4.60e+02 1.00e+03   1.9 0.00e+00  11.8 0.00e+00 3.35e-07R  5
 362r 3.2384671e+04 4.55e+02 3.11e+05   1.9 1.26e+04    -  7.74e-02 2.48e-03f  1
 363r 3.3584248e+04 3.69e+02 3.00e+05   1.9 6.78e+02    -  6.32e-02 4.02e-02f  1
 364r 3.6960369e+04 4.99e+02 2.53e+05   1.9 9.88e+02    -  5.46e-02 1.25e-01f  1
 365  3.6927431e+04 4.98e+02 3.86e+01  -1.0 8.25e+02    -  2.95e-03 1.47e-03f  1
 366  3.6920637e+04 4.98e+02 3.86e+01  -1.0 1.05e+03    -  2.11e-03 2.41e-04f  1
 367  3.6914588e+04 4.98e+02 9.62e+03  -1.0 9.71e+02    -  6.82e-02 2.30e-04f  1
 368  3.6910787e+04 4.97e+02 3.17e+04  -1.0 3.52e+02    -  8.40e-03 9.60e-04f  1
 369  3.6906779e+04 4.97e+02 5.55e+04  -1.0 2.44e+02    -  3.12e-03 5.40e-04f  1
iter    objective    inf_pr   inf_du lg(mu)  ||d||  lg(rg) alpha_du alpha_pr  ls
 370  3.6894881e+04 4.97e+02 9.72e+04  -1.0 4.51e+02    -  2.85e-03 9.24e-04f  1
 371  3.6890813e+04 4.96e+02 2.63e+05  -1.0 5.81e+02    -  4.08e-03 2.58e-04f  1
 372  3.6882170e+04 4.96e+02 5.30e+05  -1.0 5.54e+02    -  2.40e-03 5.46e-04f  1
 373  3.6862345e+04 4.96e+02 1.12e+06  -1.0 5.35e+02    -  2.80e-03 1.11e-03f  1
 374  3.6858946e+04 4.96e+02 2.32e+05  -1.0 7.54e+02    -  1.30e-03 1.83e-04f  1
 375r 3.6858946e+04 4.96e+02 1.00e+03   1.7 0.00e+00    -  0.00e+00 3.00e-07R  6
 376r 3.6946134e+04 4.95e+02 1.95e+03   1.7 1.29e+03    -  5.70e-04 2.04e-03f  1
 377r 3.7075240e+04 4.95e+02 1.04e+04   1.0 1.00e+03    -  2.41e-02 3.77e-03f  1
 378r 3.8079687e+04 5.03e+02 5.86e+04   1.0 2.01e+03    -  2.78e-02 1.56e-02f  1
 379r 4.1097942e+04 5.74e+02 9.81e+04   1.0 1.85e+03    -  6.74e-02 5.46e-02f  1
iter    objective    inf_pr   inf_du lg(mu)  ||d||  lg(rg) alpha_du alpha_pr  ls
 380r 4.1749262e+04 6.65e+02 1.12e+05   1.0 4.69e+03    -  1.64e-02 1.01e-02f  1
 381r 4.1742240e+04 6.46e+02 1.11e+05   1.0 8.86e+00   4.0 3.97e-02 2.90e-02f  1
 382r 4.1731481e+04 6.18e+02 1.12e+05   1.0 8.68e+00   4.4 1.82e-02 4.41e-02f  1
 383r 4.1726459e+04 6.05e+02 1.20e+05   1.0 8.40e+00   4.9 1.82e-02 2.11e-02h  1
 384r 4.1721746e+04 6.03e+02 7.45e+05   1.0 8.26e+00   5.3 5.60e-02 2.01e-02h  1
 385r 4.1717679e+04 6.03e+02 3.28e+06   1.0 8.11e+00   5.7 5.94e-02 1.83e-02h  1
 386r 4.1699314e+04 6.03e+02 3.79e+06   1.0 8.00e+00   5.2 1.23e-01 8.66e-02h  1
 387r 4.1689102e+04 6.03e+02 3.13e+06   1.0 7.45e+00   5.7 4.36e-02 5.24e-02h  1
 388r 4.1683625e+04 6.03e+02 3.58e+07   1.0 7.14e+00   6.1 3.03e-01 2.95e-02h  1
 389r 4.1674811e+04 6.03e+02 3.31e+07   1.0 6.96e+00   5.6 2.24e-02 4.96e-02h  1
iter    objective    inf_pr   inf_du lg(mu)  ||d||  lg(rg) alpha_du alpha_pr  ls
 390r 4.1670543e+04 6.04e+02 5.93e+07   1.0 6.69e+00   6.0 4.86e-01 2.48e-02h  1
 391r 4.1640901e+04 6.04e+02 3.10e+07   1.0 6.55e+00   6.5 6.51e-02 1.76e-01h  1
 392r 4.1608065e+04 6.04e+02 1.89e+07   1.0 5.59e+00   6.0 4.26e-01 2.40e-01h  1
 393r 4.1579912e+04 6.04e+02 2.31e+07   1.0 4.42e+00   5.5 1.43e-01 2.91e-01h  1
 394r 4.1567267e+04 6.04e+02 5.20e+06   1.0 3.24e+00   5.0 5.69e-01 2.43e-01h  1
 395r 4.1533800e+04 6.04e+02 1.57e+06   1.0 2.56e+00   5.4 5.50e-01 6.04e-01h  1
 396r 4.1523185e+04 6.04e+02 8.34e+05   1.0 1.10e+00   5.0 4.89e-01 5.12e-01f  1
 397r 4.1519291e+04 6.04e+02 5.48e+05   1.0 5.47e-01   4.5 2.08e-02 4.83e-01f  1
 398r 4.1512905e+04 6.04e+02 4.35e+05   1.0 2.94e-01   5.8 1.00e+00 1.00e+00h  1
 399  4.1480246e+04 6.03e+02 3.86e+01  -1.0 7.51e+02    -  2.50e-03 1.54e-03f  1
iter    objective    inf_pr   inf_du lg(mu)  ||d||  lg(rg) alpha_du alpha_pr  ls
 400r 4.1480246e+04 6.03e+02 9.99e+02   1.5 0.00e+00  11.3 0.00e+00 2.86e-07R  6
 401r 4.1481511e+04 6.03e+02 1.78e+03   1.5 1.70e+04    -  5.59e-04 3.15e-05f  1
 402r 4.1525550e+04 6.06e+02 1.50e+04   1.5 4.02e+03    -  4.64e-03 8.32e-04f  1
 403r 4.1527490e+04 6.06e+02 2.89e+05   1.5 1.09e+01   2.0 2.22e-01 3.23e-03f  1
 404r 4.1675117e+04 6.08e+02 3.34e+05   1.5 7.13e+02    -  3.35e-02 4.17e-03f  1
 405r 4.2848661e+04 6.42e+02 5.41e+05   1.5 1.13e+03    -  1.78e-01 3.64e-02f  1
 406r 4.2849634e+04 6.42e+02 8.50e+05   1.5 5.71e-01   3.3 5.98e-01 7.32e-02f  1
 407r 4.2849783e+04 6.42e+02 8.37e+05   1.5 5.03e-02   4.7 7.92e-01 2.07e-01f  1
 408r 4.2850052e+04 6.41e+02 7.44e+05   1.5 1.50e-01   4.2 2.23e-01 4.54e-01f  1
 409r 4.2850569e+04 6.41e+02 2.46e+06   1.5 2.20e-01   3.7 1.00e+00 1.14e-01f  1
iter    objective    inf_pr   inf_du lg(mu)  ||d||  lg(rg) alpha_du alpha_pr  ls
 410r 4.2852543e+04 6.41e+02 1.84e+06   1.5 1.03e-01   4.1 2.29e-01 1.00e+00f  1
 411r 4.2852680e+04 6.41e+02 8.65e+05   1.5 6.26e-03   5.5 1.00e+00 9.56e-01f  1
 412r 4.2853040e+04 6.41e+02 1.01e+06   1.5 1.29e-02   5.0 3.40e-01 1.00e+00f  1
 413r 4.2853047e+04 6.41e+02 7.00e+05   1.5 4.60e-02   5.4 1.00e+00 4.23e-02f  4
 414r 4.2853459e+04 6.41e+02 3.13e+05   1.5 1.19e-02   4.9 8.47e-01 1.00e+00f  1
 415r 4.2853609e+04 6.41e+02 1.87e+04   1.5 4.04e-03   5.4 1.00e+00 1.00e+00f  1
 416r 4.2854044e+04 6.41e+02 5.66e+04   1.5 1.25e-02   4.9 1.00e+00 1.00e+00f  1
 417r 4.2854910e+04 6.41e+02 1.12e+06   1.5 3.91e-02   4.4 1.00e+00 6.93e-01f  1
 418r 4.2856931e+04 6.40e+02 9.99e+05   1.5 1.27e-01   3.9 1.58e-01 5.17e-01f  1
 419r 4.2856951e+04 6.40e+02 7.00e+06   1.5 5.19e-02   5.3 1.00e+00 4.85e-02h  2
iter    objective    inf_pr   inf_du lg(mu)  ||d||  lg(rg) alpha_du alpha_pr  ls
 420r 4.2857427e+04 6.40e+02 3.81e+06   1.5 2.33e-02   4.8 4.91e-01 1.00e+00f  1
 421r 4.2859164e+04 6.40e+02 5.42e+05   1.5 4.72e-02   4.3 1.00e+00 1.00e+00f  1
 422r 4.2860988e+04 6.40e+02 8.56e+05   1.5 1.34e-01   3.8 1.00e+00 3.44e-01f  1
 423r 4.2869291e+04 6.39e+02 1.80e+06   1.5 3.24e-01   3.3 1.75e-02 4.62e-01f  1
 424r 4.2869310e+04 6.39e+02 5.32e+06   1.5 4.13e-03   6.5 1.00e+00 1.00e+00f  1
 425r 4.2869342e+04 6.39e+02 6.27e+06   1.5 2.84e-03   6.0 3.84e-01 1.00e+00f  1
 426r 4.2869439e+04 6.39e+02 3.27e+04   1.5 2.38e-03   5.5 1.00e+00 1.00e+00f  1
 427r 4.2869709e+04 6.39e+02 5.47e+04   1.5 9.74e-03   5.0 1.00e+00 1.00e+00f  1
 428r 4.2870425e+04 6.39e+02 5.99e+05   1.5 2.31e-02   4.6 1.00e+00 8.88e-01f  1
 429r 4.2870444e+04 6.39e+02 2.10e+06   1.5 6.67e-03   5.9 1.00e+00 2.82e-01f  2
iter    objective    inf_pr   inf_du lg(mu)  ||d||  lg(rg) alpha_du alpha_pr  ls
 430r 4.2870523e+04 6.39e+02 4.24e+05   1.5 7.67e-03   5.4 7.93e-01 1.00e+00f  1
 431r 4.2870856e+04 6.39e+02 3.84e+05   1.5 7.47e-03   4.9 1.00e+00 1.00e+00f  1
 432r 4.2870905e+04 6.39e+02 4.66e+05   1.5 8.37e-02   4.5 2.11e-02 2.40e-02f  3
 433r 4.2870934e+04 6.39e+02 1.16e+05   1.5 3.32e-03   5.8 1.00e+00 5.00e-01f  2
 434r 4.2871077e+04 6.39e+02 3.61e+04   1.5 3.13e-03   5.3 1.00e+00 1.00e+00f  1
 435r 4.2871501e+04 6.39e+02 9.09e+04   1.5 9.30e-03   4.8 1.00e+00 1.00e+00f  1
 436r 4.2872658e+04 6.39e+02 1.07e+05   1.5 2.73e-02   4.4 1.00e+00 1.00e+00f  1
 437r 4.2874998e+04 6.39e+02 6.28e+05   1.5 7.67e-02   3.9 1.00e+00 1.00e+00f  1
 438r 4.2878973e+04 6.39e+02 6.93e+05   1.5 1.82e-01   3.4 8.25e-02 1.00e+00f  1
 439r 4.2878988e+04 6.39e+02 7.70e+05   1.5 1.70e-02   5.6 1.00e+00 3.63e-01h  1
iter    objective    inf_pr   inf_du lg(mu)  ||d||  lg(rg) alpha_du alpha_pr  ls
 440r 4.2879140e+04 6.39e+02 3.25e+06   1.5 2.41e-02   5.2 2.00e-01 7.79e-01h  1
 441r 4.2879260e+04 6.39e+02 1.17e+06   1.5 1.61e-02   5.6 1.00e+00 8.34e-01h  1
 442r 4.2879279e+04 6.39e+02 5.17e+05   1.5 5.52e-03   6.0 8.07e-01 1.00e+00f  1
 443r 4.2879288e+04 6.39e+02 9.97e+05   1.5 6.10e-03   5.5 1.00e+00 1.00e+00f  1
 444r 4.2879350e+04 6.39e+02 1.00e+06   1.5 1.88e-02   5.1 1.99e-01 4.77e-01f  2
 445r 4.2879355e+04 6.39e+02 2.04e+05   1.5 9.35e-04   6.4 1.00e+00 1.00e+00f  1
 446r 4.3591713e+04 6.66e+02 5.83e+05   1.5 1.46e+02    -  4.46e-02 1.10e-01f  1
 447r 4.3585043e+04 6.66e+02 6.14e+05   1.5 3.67e+00   5.9 9.52e-02 7.29e-02h  1
 448r 4.3579470e+04 6.66e+02 9.06e+05   1.5 3.43e+00   5.4 2.80e-01 6.71e-02h  1
 449r 4.3574832e+04 6.66e+02 2.67e+06   1.5 3.24e+00   5.9 3.68e-01 5.97e-02h  1
iter    objective    inf_pr   inf_du lg(mu)  ||d||  lg(rg) alpha_du alpha_pr  ls
 450r 4.3567568e+04 6.66e+02 6.41e+06   1.5 3.08e+00   6.3 5.20e-01 9.86e-02h  1
 451r 4.3558144e+04 6.66e+02 5.49e+06   1.5 2.80e+00   5.8 4.75e-01 1.46e-01h  2
 452r 4.3555052e+04 6.66e+02 7.54e+06   1.5 2.45e+00   6.2 4.79e-01 5.46e-02h  3
 453r 4.3554599e+04 6.66e+02 5.32e+06   1.5 2.31e+00   5.8 6.10e-01 8.89e-03h  7
 454r 4.3554562e+04 6.66e+02 7.88e+06   1.5 2.31e+00   6.2 6.18e-01 7.20e-04h 10
 455r 4.3554561e+04 6.66e+02 5.90e+06   1.5 2.29e+00   5.7 4.50e-01 1.53e-05h 17
 456r 4.3523803e+04 6.65e+02 2.69e+06   1.5 2.31e+00   6.1 9.90e-01 5.90e-01h  1
 457r 4.3504072e+04 6.65e+02 3.52e+06   1.5 1.04e+00   5.7 6.06e-01 1.00e+00h  1
 458r 4.3503849e+04 6.65e+02 4.12e+05   1.5 3.42e-02   5.2 1.00e+00 1.00e+00f  1
 459r 4.3548869e+04 6.66e+02 1.44e+06   1.5 2.15e+02    -  9.15e-01 7.11e-03f  1
iter    objective    inf_pr   inf_du lg(mu)  ||d||  lg(rg) alpha_du alpha_pr  ls
 460r 4.5284286e+04 7.18e+02 4.35e+05   1.5 1.40e+02    -  1.00e+00 4.24e-01f  1
 461r 4.6372735e+04 7.48e+02 8.32e+05   1.5 4.74e+01    -  1.00e+00 7.66e-01f  1
 462r 4.6372561e+04 7.48e+02 6.54e+05   1.5 2.77e-02   4.7 2.75e-01 1.00e+00h  1
 463r 4.6372566e+04 7.48e+02 2.22e+05   1.5 9.68e-04   6.0 1.00e+00 1.00e+00f  1
 464r 4.6372545e+04 7.48e+02 4.72e+05   1.5 3.48e-03   5.6 1.00e+00 1.00e+00f  1
 465r 4.6390323e+04 7.48e+02 2.48e+06   1.5 1.63e+01    -  1.00e+00 6.92e-02f  2
 466r 4.6617582e+04 7.55e+02 2.95e+05   1.5 1.94e+01    -  1.00e+00 1.00e+00f  1
 467r 4.6603812e+04 7.55e+02 4.46e+05   1.5 1.52e+00   5.1 2.67e-01 2.08e-01h  1
 468r 4.6593725e+04 7.55e+02 4.75e+05   1.5 1.22e+00   5.5 3.28e-01 1.90e-01h  1
 469r 4.6589239e+04 7.55e+02 2.11e+06   1.5 1.00e+00   5.9 1.00e+00 1.04e-01h  1
iter    objective    inf_pr   inf_du lg(mu)  ||d||  lg(rg) alpha_du alpha_pr  ls
 470r 4.6573861e+04 7.55e+02 1.03e+06   1.5 8.99e-01   5.5 5.92e-01 4.06e-01h  2
 471r 4.6565379e+04 7.55e+02 6.16e+05   1.5 5.47e-01   5.9 1.00e+00 3.71e-01h  2
 472r 4.6551384e+04 7.55e+02 4.08e+05   1.5 3.47e-01   5.4 9.61e-01 1.00e+00h  1
 473r 4.6551486e+04 7.55e+02 1.78e+04   1.5 2.95e-03   5.8 1.00e+00 1.00e+00f  1
 474r 4.6620077e+04 7.57e+02 1.70e+06   0.8 2.96e+01    -  1.00e+00 8.34e-02f  1
 475r 4.7729624e+04 7.93e+02 2.26e+05   0.8 4.70e+01    -  1.00e+00 8.64e-01f  1
 476r 4.7854218e+04 7.97e+02 8.18e+05   0.8 3.50e+01    -  1.00e+00 3.12e-01f  1
 477r 4.7849422e+04 7.97e+02 6.53e+05   0.8 3.07e-01   5.4 2.72e-01 3.06e-01h  1
 478r 4.7845741e+04 7.97e+02 1.66e+06   0.8 2.12e-01   4.9 8.71e-01 3.71e-01h  1
 479r 4.7852239e+04 7.97e+02 1.28e+06   0.8 2.86e+01    -  1.00e+00 7.15e-03f  1
iter    objective    inf_pr   inf_du lg(mu)  ||d||  lg(rg) alpha_du alpha_pr  ls
 480r 4.8545440e+04 8.19e+02 1.53e+06   0.8 2.50e+01    -  1.00e+00 9.55e-01f  1
 481r 4.8178309e+04 8.07e+02 2.93e+05   0.8 2.20e+01    -  1.00e+00 7.97e-01f  1
 482r 4.8166748e+04 8.07e+02 6.70e+05   0.8 6.58e-01   4.4 2.48e-01 3.45e-01f  1
 483r 4.8167048e+04 8.07e+02 2.82e+06   0.8 2.31e+00    -  1.00e+00 8.97e-03f  1
 484r 4.8132279e+04 8.06e+02 2.41e+06   0.8 7.33e+00    -  1.00e+00 1.76e-01f  1
 485r 4.8117628e+04 8.06e+02 1.65e+06   0.8 3.55e-01   3.9 1.51e-01 1.00e+00f  1
 486r 4.8117791e+04 8.06e+02 9.11e+04   0.8 7.94e-02   4.4 1.00e+00 4.56e-01f  1
 487r 4.8117734e+04 8.06e+02 2.22e+05   0.8 2.24e-01   3.9 7.33e-01 7.19e-01f  1
 488r 4.8117770e+04 8.06e+02 1.31e+05   0.8 1.90e-02   5.2 1.00e+00 7.75e-01f  1
 489r 4.8117735e+04 8.06e+02 3.36e+04   0.8 2.04e-02   4.7 9.37e-01 1.00e+00f  1
iter    objective    inf_pr   inf_du lg(mu)  ||d||  lg(rg) alpha_du alpha_pr  ls
 490r 4.8117692e+04 8.06e+02 6.61e+04   0.8 7.59e-02   4.2 1.00e+00 3.39e-01f  1
 491r 4.8081655e+04 8.05e+02 2.29e+05   0.8 1.22e+03    -  4.30e-02 1.04e-03f  1
 492r 4.8081662e+04 8.05e+02 3.48e+05   0.8 7.02e-01   4.7 4.21e-02 3.56e-03f  2
 493r 4.8081675e+04 8.05e+02 8.08e+05   0.8 2.30e-02   5.1 1.82e-01 8.69e-01h  1
 494r 4.8081681e+04 8.05e+02 6.70e+05   0.8 1.77e-02   5.5 1.89e-01 2.47e-01f  2
 495r 4.8081693e+04 8.05e+02 3.66e+05   0.8 6.72e-03   6.0 9.61e-01 8.34e-01h  1
 496r 4.8081690e+04 8.05e+02 5.45e+05   0.8 1.47e-03   6.4 7.94e-01 1.00e+00f  1
 497r 4.8081687e+04 8.05e+02 1.32e+05   0.8 1.65e-03   5.9 5.22e-01 1.00e+00f  1
 498r 4.8081672e+04 8.05e+02 5.93e+04   0.8 4.14e-03   5.4 1.00e+00 1.00e+00f  1
 499r 4.8055655e+04 8.04e+02 2.60e+06   0.8 7.97e+01    -  1.00e+00 1.18e-02f  1
iter    objective    inf_pr   inf_du lg(mu)  ||d||  lg(rg) alpha_du alpha_pr  ls
 500r 4.8035630e+04 8.03e+02 1.80e+06   0.8 4.28e+00    -  1.00e+00 1.89e-01f  1
 501r 4.7967853e+04 8.00e+02 1.90e+06   0.8 3.43e+00    -  1.00e+00 8.10e-01f  1
 502r 4.7965239e+04 8.00e+02 1.03e+07   0.8 1.82e+00    -  1.00e+00 5.32e-02h  1
 503r 4.7945157e+04 7.99e+02 1.94e+04   0.8 7.95e-01    -  1.00e+00 1.00e+00f  1
 504r 4.7945706e+04 7.99e+02 2.97e+04   0.8 1.91e-02    -  1.00e+00 1.00e+00f  1
 505r 4.7945730e+04 7.99e+02 2.39e+02   0.8 8.58e-04    -  1.00e+00 1.00e+00f  1
 506r 4.8179611e+04 8.08e+02 3.51e+04  -1.3 1.73e+01    -  5.85e-01 4.88e-01f  1
 507r 4.8371879e+04 8.14e+02 5.10e+04  -1.3 1.51e+01    -  6.00e-01 4.36e-01f  1
 508r 4.8539473e+04 8.19e+02 3.80e+03  -1.3 8.32e+00    -  5.21e-01 6.89e-01f  1
 509r 4.8601983e+04 8.21e+02 1.82e+04  -1.3 2.50e+00    -  4.22e-01 8.56e-01f  1
iter    objective    inf_pr   inf_du lg(mu)  ||d||  lg(rg) alpha_du alpha_pr  ls
 510r 4.8608085e+04 8.22e+02 1.95e+03  -1.3 3.29e-01    -  1.00e+00 6.25e-01f  1
 511r 4.8611526e+04 8.22e+02 1.15e+00  -1.3 1.22e-01    -  1.00e+00 1.00e+00f  1
 512r 4.8616860e+04 8.22e+02 1.19e+02  -4.5 2.17e-01    -  8.86e-01 9.11e-01f  1
 513r 4.8613831e+04 8.22e+02 2.12e+03  -4.5 1.62e-01    -  4.95e-01 9.45e-01f  1
 514r 4.8611639e+04 8.22e+02 8.70e+02  -4.5 1.04e-01    -  6.29e-01 9.34e-01f  1
 515r 4.8609923e+04 8.22e+02 3.03e+02  -4.5 3.92e-02    -  6.59e-01 1.00e+00f  1
 516r 4.8609114e+04 8.22e+02 1.04e+02  -4.5 1.67e-02    -  6.55e-01 1.00e+00f  1
 517r 4.8608837e+04 8.22e+02 4.06e+00  -4.5 8.68e-03    -  9.61e-01 1.00e+00h  1
 518r 4.8608764e+04 8.22e+02 4.49e-05  -4.5 3.83e-03    -  1.00e+00 1.00e+00h  1
 519r 4.8608575e+04 8.22e+02 3.18e-01  -9.0 5.35e-03    -  8.83e-01 9.96e-01f  1
iter    objective    inf_pr   inf_du lg(mu)  ||d||  lg(rg) alpha_du alpha_pr  ls
 520r 4.8608500e+04 8.22e+02 6.69e-01  -9.0 7.73e-03    -  8.31e-01 8.36e-01h  1
 521r 4.8608485e+04 8.22e+02 1.56e-01  -9.0 1.20e-03    -  9.91e-01 9.84e-01h  1
 522r 4.8608485e+04 8.22e+02 3.49e-01  -9.0 2.86e-04    -  1.00e+00 3.91e-03f  9
 523r 4.8608485e+04 8.22e+02 1.27e-05  -9.0 3.73e-04    -  1.00e+00 1.00e+00h  1